1826921984
-2115005279 2
-1716959858 1
-1418282702 1
-1402904868 1
-1225409782 1
-1218230531 1
-1052767088 1
-926244272 1
-917314569 2
-917062287 1
-609270800 1
-502006140 1
-416720098 1
-394861811 1
-243905464 1
-62221562 1
28501148 2
296467145 1
437367475 2
499549952 4
548955463 1
640124220 2
640477688 1
648501015 1
683459885 11
869690771 3
884471572 1
930883039 1
1062750627 1
1551089265 1
1678348498 2
1830646559 1
1841587854 1
1853176582 1
1938202095 1
2045916435 1
2095749492 1
-1353810938
-1225409782 1
-926244272 1
683459885 5
869690771 1
1098545962 1
1295925346 2
2064885619 3
-1085286389
-2120211764 1
-1921709490 1
-1561499504 1
-1190268320 2
-964658953 1
-926244272 2
-917062287 1
-810538205 2
-617246313 3
-243905464 3
14784032 1
90097469 5
116628897 1
418310737 4
499549952 3
548955463 3
683459885 7
722829366 1
771291085 2
823134346 3
869690771 3
884471572 1
1044312602 1
1098545962 1
1295925346 2
2064885619 3
2139336747 1
-216575473
-2058513491 3
-1763574823 1
-1455480578 2
-1418282702 4
-1262366007 1
-1225409782 1
-1034036639 1
-1020910449 1
-926244272 1
-845019103 1
-844849131 2
-609270800 3
-321405819 1
-243905464 1
-243669559 1
-148299209 2
90097469 1
202708381 1
252385603 1
440359455 5
520409122 1
548955463 2
640124220 1
683459885 4
1062750627 1
1295925346 2
1778032728 1
2064885619 4
795098456
-1911867700 1
-1587604933 1
-1561499504 1
-1225409782 1
-1141673130 1
-1024273530 1
-1020910449 1
-926244272 1
-632657554 1
-563226112 1
-243669559 1
-82254484 6
90097469 1
408571802 1
548955463 1
683459885 4
869690771 1
1031134330 1
1098545962 7
1156731182 1
1306944989 1
1430125705 1
1678348498 2
1811268606 1
2064885619 3
1606369298
-1225409782 1
-964658953 1
-926244272 1
14784032 1
683459885 4
1098545962 1
1295925346 2
1306944989 1
1778032728 1
1279155220
-2120211764 1
-1921709490 4
-1785447155 1
-1605015950 4
-1443829736 1
-1390314837 1
-1235137569 1
-1225409782 1
-1141673130 3
-1052767088 2
-1010104944 2
-964658953 1
-926244272 1
-845019103 3
-818939763 2
-609270800 3
-366928855 1
-349905373 1
-144051554 5
14784032 4
28501148 2
90097469 2
332723732 5
436751995 1
437367475 9
490703729 1
640124220 3
648501015 1
683459885 3
989116115 1
1724271785 3
1734538830 1
2045916435 5
2139336747 1
1776355861
-1225409782 1
-1182659950 1
-926244272 1
-917062287 3
-243905464 1
-29173435 1
28501148 1
408571802 1
683459885 4
869690771 1
1491351846 1
1699170408 1
1982804121 1
166758424
-2120211764 1
-2032783780 1
-1980248780 1
-1225409782 1
-981249831 1
-926244272 2
-818939763 1
-609270800 1
-366928855 1
-243905464 1
58671053 1
85891315 1
90097469 8
273066799 1
294778681 1
418310737 2
440359455 4
548955463 4
640124220 1
683459885 10
823134346 4
869690771 6
1031134330 2
1295925346 2
1404934148 1
2064885619 4
2139336747 5
497786919
-1384061680 1
-1225409782 1
-1020910449 1
-926244272 1
-563226112 1
548955463 1
683459885 4
1098545962 3
1156731182 1
2064885619 3
-480368592
-1921709490 1
-1399361890 1
-1225409782 1
-964658953 1
-926244272 1
-632657554 1
-234762240 1
-121538519 1
-102120688 1
390204765 1
440359455 1
548955463 2
569047032 1
640124220 2
683459885 5
869690771 1
1295925346 2
1308688855 1
1697911265 1
-412097997
-1716959858 1
-1524095099 1
-1418282702 1
-1390314837 3
-1225409782 1
-983638518 3
-926244272 1
-845019103 5
-844849131 1
-825670088 2
-563226112 1
-464621393 1
90097469 4
202708381 1
248443073 3
281464262 3
390204765 3
401840070 1
407983593 1
640124220 1
640477688 1
683459885 4
734978415 1
771713658 1
823134346 19
985233940 2
989116115 4
989509788 1
1098545962 2
1306944989 1
1362116887 1
1430125705 1
2139336747 1
-1282124735
-1372618142 1
-1225409782 1
-1010104944 1
-926244272 4
-784623807 1
-321509011 1
262144262 1
294778681 1
311781838 2
613153351 1
640124220 1
647260362 1
683459885 6
750631119 1
997549709 1
1153155693 1
1301825943 1
1389009165 1
1510964117 1
1515003832 1
1591250730 1
791100997
-1605015950 2
-1390314837 2
-1262366007 1
-1225409782 1
-926244272 1
-845019103 5
-609270800 3
90097469 5
281464262 2
548955463 4
683459885 3
823134346 11
888000370 1
1098545962 2
1563317370 1
2064885619 1
-1578715062
-2058513491 1
-1390314837 4
-1262366007 1
-1225409782 1
-1224992239 2
-1141673130 3
-1010104944 1
-950796608 2
-926244272 1
-845019103 13
-609270800 4
-563226112 1
-262689147 1
-108013591 2
30662561 3
90097469 6
548955463 5
640124220 2
683459885 2
823134346 4
832098838 6
888000370 1
1026658409 1
1062750627 1
1156731182 3
1308688855 1
1678348498 1
1717991430 1
1810936627 1
1830646559 1
1885148710 1
2064885619 1
2132027491 2
1674610772
-2120211764 1
-1587604933 1
-1384061680 1
-1225409782 1
-1020910449 1
-926244272 1
-898174745 1
-609270800 2
-563226112 1
-134120697 2
-107966814 1
58671053 1
85891315 3
437367475 2
448220673 1
548955463 4
640124220 1
683459885 5
766710245 1
832098838 1
997012898 1
1062750627 1
1120495519 3
1156731182 1
1853176582 1
2064885619 2
-1186474408
-1225409782 1
-926244272 1
-350407992 1
90097469 5
390204765 1
683459885 3
869690771 1
1098545962 2
1295925346 2
1306944989 1
2064885619 8
1124536921
-2120211764 1
-1911867700 2
-1785447155 8
-1581447336 1
-1225409782 1
-1020910449 1
-939837349 1
-926244272 1
-917062287 1
-860823441 2
-844849131 1
-632657554 3
-563226112 1
-416720098 2
-366928855 1
-107966814 1
548955463 1
558074401 4
570652574 1
640124220 2
683459885 4
832098838 1
869690771 1
884471572 4
1031134330 1
1056110445 1
1062750627 1
1098545962 2
1156731182 1
1286856114 1
1366137814 1
1404934148 2
1430125705 5
1678348498 1
1729261638 1
1778032728 1
1830646559 1
2064885619 3
2066971792 1
2092961062 4
625093227
-2120211764 1
-1921709490 1
-1225409782 1
-1190268320 2
-926244272 1
90097469 5
418310737 3
548955463 5
683459885 6
722829366 1
823134346 5
869690771 1
884471572 1
1295925346 2
2064885619 4
2139336747 1
-1841723282
-2058513491 2
-1798734214 1
-1646401716 2
-1616289203 1
-1581447336 4
-1494432548 1
-1443829736 1
-1437097820 3
-1390314837 10
-1303311199 2
-1225409782 1
-964658953 2
-940733519 1
-926244272 2
-917314569 2
-853919296 7
-844849131 2
-811494644 1
-632657554 1
-609270800 9
-546776626 1
-366928855 1
-144051554 14
-108013591 1
6745248 5
28501148 1
90097469 4
161006309 1
390204765 1
436751995 1
448220673 1
499549952 1
580887246 1
640124220 7
683459885 5
989116115 2
989509788 5
990535276 3
997012898 1
1026658409 1
1062750627 3
1306944989 1
1430125705 3
1489350333 3
1559397529 1
1563317370 1
1590456296 1
1613012486 1
1622730881 5
1679626713 1
1684568639 1
1724271785 2
1729261638 1
1830646559 3
1841587854 1
2045916435 3
1029340785
-1225409782 1
-926244272 1
683459885 2
823134346 1
869690771 2
1295925346 2
327421047
-1225409782 1
-1020910449 1
-926244272 1
-609270800 1
-563226112 1
548955463 1
553238108 1
640124220 1
683459885 4
766710245 1
1031134330 3
1098545962 3
1120495519 1
1156731182 1
1778032728 1
1810936627 1
-1037490055
-2120211764 1
-2058513491 1
-2001158628 1
-1526557164 1
-1480150064 1
-1384061680 2
-1382082897 1
-1329737781 1
-1328124297 1
-1225409782 1
-1167338989 8
-1020910449 1
-970674652 1
-926244272 2
-920019564 1
-917062287 2
-898174745 1
-837348331 1
-818939763 1
-730744740 1
-617246313 2
-609270800 2
-608954612 1
-563226112 1
-416720098 4
-243669559 1
-242553538 1
-234762240 1
-148299209 1
-108710752 1
-74040069 2
-29173435 1
58671053 1
189262593 2
264235129 1
332723732 1
380541707 1
437367475 7
440359455 1
548955463 1
613153351 2
640124220 4
640477688 1
648501015 3
683459885 12
869690771 4
884471572 2
939215365 2
1062750627 1
1098545962 9
1120495519 1
1150284091 1
1404934148 1
1430125705 1
1491351846 3
1551089265 1
1678348498 1
1983770811 1
2039241669 1
2045916435 1
2064885619 4
2095749492 2
-1906266502
-1785447155 2
-1443829736 1
-1418282702 4
-1384061680 1
-1225409782 1
-1141673130 3
-939837349 2
-926244272 1
-845019103 3
-775532692 1
-632657554 1
-609270800 1
-366928855 2
-321405819 2
-134120697 11
-102120688 1
58671053 1
198527388 1
332723732 1
418310737 1
437367475 6
558074401 1
580887246 1
640124220 1
683459885 10
771291085 3
869690771 9
913951781 1
1031134330 7
1098545962 14
1120495519 4
1296924235 1
1362116887 1
1491351846 1
1733861963 1
1841587854 1
1883650607 1
2064885619 6
-610021253
-2058513491 1
-1838268055 1
-1455480578 1
-1418282702 1
-1384061680 2
-1225409782 1
-1024280039 1
-1020910449 1
-926244272 1
-609270800 1
-563226112 1
-366928855 1
-134120697 1
437367475 3
448220673 1
548955463 2
683459885 4
869690771 1
1062750627 1
1098545962 2
1120495519 1
1156731182 1
1853176582 1
2064885619 3
29853312
-1716959858 1
-1225409782 1
-1052767088 1
-1020910449 1
-926244272 1
-609270800 9
90097469 2
548955463 1
683459885 3
766710245 1
823134346 4
1098545962 3
1120495519 1
1219873300 1
1989892411 1
1264465432
-2120211764 7
-2092953102 6
-2058513491 17
-1935863057 11
-1900214453 1
-1889329599 1
-1798734214 2
-1736980362 1
-1692776247 5
-1587604933 1
-1526557164 1
-1455480578 1
-1454755048 1
-1418282702 10
-1399361890 6
-1352835661 1
-1303311199 2
-1285229033 1
-1271291307 1
-1225409782 1
-1190268320 103
-1182659950 1
-1167338989 1
-1120066484 2
-1100855371 1
-1075114912 1
-1052767088 2
-1024273530 1
-1010104944 2
-1006869914 2
-981249831 3
-964658953 2
-939837349 2
-926244272 2
-917062287 2
-849652357 1
-845019103 2
-844849131 3
-818939763 1
-632657554 10
-609270800 3
-608954612 3
-546776626 5
-533592729 1
-413897922 1
-408354071 1
-335348587 4
-243905464 1
-243669559 1
-171669460 2
-148299209 3
-144051554 17
-103767893 1
-82254484 43
6745248 6
90097469 4
112049716 18
146955813 2
154951096 4
199587935 1
264235129 1
283118597 1
294778681 1
390204765 2
401258451 1
407983593 4
408571802 2
436751995 9
437367475 25
440359455 1
442064690 3
448220673 7
499549952 1
520409122 4
548955463 7
556257513 7
573397885 1
575623047 4
580887246 3
640124220 29
647877721 2
683459885 4
722829366 1
775368311 1
786643852 1
824622370 3
832098838 1
884471572 1
888000370 6
904789503 4
930883039 1
989116115 4
989509788 12
997052087 1
1018887719 1
1026658409 1
1031134330 6
1062750627 2
1120495519 14
1144259690 1
1181836714 1
1195989500 1
1222283305 1
1235209082 1
1306944989 3
1308688855 3
1366137814 4
1404934148 1
1430125705 9
1459505690 2
1489350333 5
1491351846 6
1563317370 1
1590456296 3
1622730881 1
1679626713 2
1699170408 1
1724271785 2
1810936627 2
1830646559 2
1841587854 2
1931862648 5
2064885619 7
2095749492 1
-1308852541
-2120211764 3
-2058513491 1
-1561499504 1
-1418282702 1
-1390314837 3
-1384061680 4
-1297200990 1
-1225409782 1
-1120066484 1
-926244272 2
-917062287 1
-632657554 1
-609270800 10
-546776626 1
-493065660 1
-394861811 1
-243905464 2
85891315 3
166093682 1
189262593 1
418310737 2
440359455 1
441260191 1
448220673 1
548955463 5
569047032 1
640124220 5
640477688 1
683459885 14
832098838 1
869690771 3
930883039 1
1018887719 1
1031134330 1
1098545962 1
1109731834 1
1120495519 1
1195989500 1
1219873300 2
1362116887 1
1491351846 1
1767380095 1
1943344364 1
2064885619 2
1350698132
-1561499504 1
-1418282702 1
-1225409782 1
-926244272 1
-917062287 2
-243905464 3
683459885 2
2087367745 1
61678232
-1785447155 1
-1271291307 1
-1225409782 1
-1010104944 1
-926244272 2
-810538205 1
-581432272 1
-260257158 1
-15051562 1
311781838 1
437367475 1
499549952 1
520409122 1
548955463 3
683459885 11
869690771 5
884471572 1
1437973278 1
1598346136 1
1684747337 1
1830401145 1
-958270309
-1921709490 3
-1481341055 2
-1390314837 2
-1262366007 2
-1225409782 1
-926244272 1
-917314569 4
-845019103 19
-609270800 10
-309782534 2
-108013591 3
30662561 1
90097469 2
248443073 1
380541707 1
437367475 3
448220673 3
520409122 6
548955463 17
640477688 4
683459885 2
728165346 3
869690771 1
884471572 1
888000370 1
1144259690 1
1195989500 1
1308688855 5
1404934148 1
1678348498 2
1724271785 2
1810936627 2
1811268606 1
2064885619 4
47091365
-1225409782 1
-926244272 1
683459885 2
869690771 2
1098545962 1
1295925346 2
1940415662
-2120211764 1
-2115005279 6
-2058513491 5
-1900214453 1
-1889107764 1
-1838268055 1
-1746309544 1
-1678837236 1
-1561499504 1
-1524095099 1
-1481341055 1
-1271291307 2
-1262366007 3
-1225409782 1
-1190268320 4
-1167338989 1
-1100855371 2
-1024280039 1
-1010104944 1
-926244272 1
-917314569 1
-849652357 1
-845019103 3
-687425153 3
-632657554 1
-627849148 1
-617246313 5
-609270800 6
-608954612 1
-498297388 1
-366928855 1
-335348587 1
-321405819 1
-171669460 1
-144051554 1
-82254484 2
30662561 3
58671053 1
69872214 1
90097469 8
112049716 4
125777136 2
189262593 3
245453009 1
281464262 1
318261647 1
332723732 1
437367475 9
440359455 1
442064690 2
446026292 2
448220673 3
499549952 2
510267938 1
548955463 1
569308866 1
640124220 6
683459885 16
761976698 25
771713658 1
904789503 1
985233940 1
989116115 1
989509788 3
990535276 1
1098545962 5
1120495519 1
1144259690 1
1156731182 2
1308688855 3
1337453135 2
1430125705 1
1431234884 1
1491351846 1
1590456296 1
1650054722 1
1678348498 3
1704236722 1
1717991430 1
1755673004 1
1811268606 1
1830646559 1
1850275112 1
1931862648 1
1982804121 2
2045916435 1
2064885619 3
1781715121
-1716959858 1
-1605015950 1
-1225409782 1
-926244272 1
-818939763 1
3191576 1
90097469 2
390204765 2
640124220 1
683459885 3
823134346 11
1295925346 2
-2033392974
-2120211764 1
-1785447155 1
-1225409782 1
-1020910449 1
-939837349 1
-926244272 1
-563226112 1
-243905464 1
548955463 1
683459885 4
1098545962 2
1156731182 1
1786548735 1
1830646559 1
2064885619 2
2037666999
-1225409782 1
-926244272 1
-350407992 1
90097469 2
548955463 9
683459885 3
823134346 2
869690771 1
1295925346 2
2064885619 3
22421177
-2120211764 1
-1225409782 1
-926244272 1
-632657554 1
448220673 1
613153351 5
640477688 1
683459885 4
884471572 2
1031134330 1
1098545962 2
1430125705 3
1491351846 1
2044745418 3
1348885180
-2091876921 1
-2058513491 16
-1935863057 1
-1911867700 2
-1900214453 1
-1889329599 2
-1889238963 1
-1843728178 1
-1716959858 1
-1646401716 1
-1616289203 3
-1603765456 5
-1587604933 1
-1587210028 1
-1494432548 1
-1443829736 1
-1437097820 1
-1418282702 1
-1399361890 1
-1390314837 9
-1329737781 1
-1225409782 1
-1190268320 6
-1182659950 1
-1167338989 1
-1141673130 1
-1133660292 1
-1116117978 1
-1100855371 1
-1052767088 4
-1010544659 1
-970674652 1
-968174432 1
-926244272 8
-917314569 1
-917062287 2
-898174745 1
-868909552 6
-853919296 7
-845019103 1
-844849131 1
-837348331 2
-783977789 14
-761953944 1
-687425153 1
-632657554 4
-617246313 1
-609270800 3
-546776626 1
-493065660 2
-464621393 1
-416720098 1
-349905373 17
-309782534 2
-260257158 2
-144051554 6
-77337506 1
-74040069 4
14784032 3
28501148 2
69872214 4
90097469 13
112049716 1
115441729 1
192791105 3
332723732 3
380541707 1
390204765 6
407983593 2
408571802 2
437367475 16
440359455 3
442064690 9
448220673 4
451368094 1
497703773 2
520409122 3
548955463 2
558617661 1
570652574 1
613153351 4
640124220 11
640477688 6
641155872 3
683459885 25
869690771 2
884471572 1
888000370 1
930883039 1
939215365 1
985233940 1
989116115 3
989509788 5
997549709 1
1026658409 1
1031134330 4
1062750627 4
1098545962 7
1120495519 1
1235209082 1
1306944989 5
1430125705 6
1431234884 1
1491351846 2
1563317370 1
1612531086 1
1678348498 2
1717991430 1
1830646559 1
1841587854 1
1853176582 30
1909934694 1
1914167390 1
2039241669 6
2050864532 1
2064885619 1
2095749492 1
2139336747 4
1858371777
-1455480578 1
-1225409782 1
-1020910449 1
-964658953 2
-939302382 1
-926244272 1
-917314569 1
-883548484 1
-853919296 1
-844849131 1
-617246313 1
-563226112 1
-366928855 1
-29173435 1
14784032 1
30662561 2
85891315 1
437367475 1
448220673 6
548955463 1
640124220 1
683459885 8
913951781 1
997012898 1
1062750627 1
1156731182 1
1306944989 1
1308688855 1
1590456296 1
1853176582 1
-195079486
-1418282702 1
-1225409782 1
-1024280039 1
-1020910449 1
-926244272 1
-632657554 1
-563226112 1
-148299209 1
548955463 1
683459885 4
913951781 1
1098545962 2
1156731182 1
1404934148 1
1724271785 1
2064885619 3
364226243
-2129237020 1
-2058513491 3
-1581447336 6
-1225409782 1
-1190268320 2
-1141673130 1
-926244272 1
-611385325 1
-609270800 1
-366928855 1
-91494422 1
6745248 2
90097469 1
198527388 1
436751995 1
440359455 3
497703773 1
640124220 1
683459885 4
990535276 3
1098545962 2
1286856114 2
1404934148 1
1424671076 1
1430125705 2
1590456296 1
1729261638 1
1732819394 1
1810936627 3
1830646559 1
2045916435 1
-1555803964
-1225409782 1
-926244272 1
-350407992 1
90097469 2
683459885 3
869690771 1
1295925346 2
2064885619 2
-1688367926
-2129237020 1
-2058513491 1
-2001158628 2
-1911867700 2
-1885415251 1
-1785447155 4
-1716959858 1
-1603765456 1
-1587210028 2
-1561499504 1
-1494432548 1
-1452252185 4
-1443829736 5
-1418282702 4
-1399361890 1
-1390314837 14
-1271291307 3
-1225409782 1
-1224992239 1
-1218230531 1
-1182659950 1
-1141673130 11
-1052767088 7
-1010104944 1
-983638518 5
-953378023 1
-950796608 1
-945750211 1
-926244272 2
-917314569 5
-917062287 2
-900543307 8
-868909552 2
-845019103 11
-844849131 1
-632657554 11
-609270800 9
-563226112 6
-493065660 1
-464621393 1
-418093614 1
-366928855 3
-291293261 1
-262689147 3
-243669559 2
-134120697 1
-107966814 2
-102669047 3
-102120688 2
-86849052 1
-82254484 6
39064463 1
90097469 12
166093682 1
194714415 2
233592972 1
248443073 6
332723732 8
333009922 1
380541707 3
390204765 3
408571802 1
437367475 3
442064690 1
448220673 3
548955463 3
558074401 4
640124220 7
640477688 4
683459885 4
726300781 1
728165346 1
734978415 2
823134346 1
869690771 7
884471572 3
930883039 1
985233940 5
989116115 8
989509788 13
1031134330 13
1062750627 6
1098545962 18
1101351995 2
1120495519 4
1156731182 3
1195989500 1
1286856114 1
1306944989 8
1308688855 2
1322743076 1
1344682024 1
1362116887 1
1366137814 1
1404934148 2
1430125705 21
1491351846 1
1536651520 1
1551089265 1
1590456296 2
1678348498 5
1679626713 1
1717991430 1
1724271785 10
1850275112 2
1853176582 3
2006536704 1
2019031726 1
2019785588 1
2045916435 4
2046009338 1
2064885619 20
2066971792 1
2092961062 1
2132027491 4
2139336747 5
-1243241262
-1908700427 1
-1561499504 1
-1418282702 1
-1225409782 1
-1116117978 1
-1052767088 1
-1020910449 1
-926244272 1
-563226112 1
-394861811 1
548955463 1
640124220 2
640477688 1
683459885 5
766710245 1
1002394412 1
1031134330 2
1098545962 2
1120495519 1
1156731182 1
1853176582 2
571049684
-2058513491 2
-1838268055 1
-1785447155 1
-1746309544 1
-1587210028 1
-1418282702 4
-1399361890 1
-1325636708 1
-1225409782 1
-1182712815 1
-1141673130 2
-1120066484 1
-1100855371 1
-970674652 1
-939837349 1
-926244272 1
-900543307 1
-845019103 3
-837348331 2
-632657554 1
-416294932 1
-394428255 1
-272066790 1
-243669559 1
-134120697 5
-77337506 1
-74040069 1
-67003442 1
90097469 2
112049716 1
248443073 1
264235129 1
294778681 1
332723732 6
387298284 1
390204765 2
418310737 3
437367475 1
440359455 1
448220673 1
499549952 1
548955463 4
575491131 1
613153351 1
640124220 2
683459885 9
832098838 3
869690771 4
884471572 54
989116115 1
989509788 2
1031134330 4
1062750627 1
1098545962 14
1404934148 1
1430125705 5
1491351846 1
1678348498 8
1684568639 1
1697911265 2
1724271785 1
1810936627 1
1853176582 2
1904070401 1
2045916435 2
2064885619 13
2066971792 1
2139336747 1
-1724052018
-1225409782 1
-1020910449 1
-926244272 1
-609270800 1
-563226112 1
-243669559 1
58671053 1
85891315 1
407983593 1
437367475 2
548955463 2
640124220 1
683459885 5
766710245 1
1098545962 1
1120495519 2
1156731182 1
-1231139109
-1235137569 1
-1225409782 1
-1020910449 1
-926244272 1
-609270800 3
-563226112 1
58671053 1
548955463 2
640124220 1
683459885 4
766710245 1
1018887719 2
1120495519 1
1156731182 1
1195989500 1
-1639638820
-1692776247 1
-1225409782 1
-1190268320 2
-926244272 1
-617246313 3
-144051554 1
499549952 1
556257513 1
592128056 1
683459885 4
761976698 1
1830646559 2
426112221
-1603765456 2
-1480150064 1
-1390314837 2
-1225409782 1
-1141673130 2
-926244272 1
-845019103 7
-617246313 1
-125681564 1
-107966814 1
90097469 4
248443073 6
281464262 1
296467145 1
461488326 1
499549952 1
548955463 1
640124220 3
640477688 1
683459885 2
728165346 1
884471572 1
985233940 4
989509788 6
1018887719 1
1062750627 1
1098545962 3
1853176582 1
-120756513
-1716959858 1
-1678837236 1
-1384061680 1
-1225409782 1
-1167338989 2
-1010104944 1
-968174432 1
-964658953 2
-926244272 1
-243905464 1
-150172694 1
85891315 2
440359455 1
442064690 2
613153351 1
640124220 1
683459885 7
893533134 1
1098545962 1
1830401145 1
1841587854 1
2064885619 5
-2006457627
-1225409782 1
-1052767088 1
-1020910449 1
-926244272 1
-563226112 1
-466714812 1
30662561 1
390204765 1
437367475 1
548955463 1
640124220 1
683459885 4
766710245 1
1031134330 1
1156731182 1
1943344364 1
-767522574
-2129237020 1
-2120211764 1
-1785447155 1
-1418282702 3
-1399361890 1
-1225409782 1
-964658953 1
-926244272 1
-853919296 1
-845019103 1
-818939763 1
-666550763 1
-632657554 1
-617246313 1
-134120697 2
-111131531 1
85891315 1
569047032 1
580887246 1
683459885 11
869690771 9
884471572 2
1031134330 2
1062750627 1
1098545962 4
1724271785 1
1830646559 1
1853176582 1
2064885619 3
-2089057037
-1921709490 4
-1746309544 1
-1390314837 2
-1225409782 1
-1141673130 2
-926244272 1
-917314569 2
-609270800 6
-349905373 1
-144051554 2
14784032 1
90097469 5
324964102 1
390204765 2
580887246 1
683459885 2
989116115 1
1098545962 1
1306944989 6
1430125705 1
1431234884 1
1778032728 3
1810936627 1
-39588108
-2120211764 1
-2058513491 1
-1921709490 9
-1911867700 3
-1785447155 2
-1692776247 15
-1605015950 1
-1225409782 1
-1190268320 7
-1182659950 2
-1052767088 3
-983638518 1
-950796608 1
-926244272 4
-917314569 2
-917062287 3
-900543307 2
-868909552 1
-853919296 5
-845019103 6
-783977789 1
-687425153 1
-617246313 5
-609270800 5
-608954612 1
-394428255 2
-144051554 12
-134120697 1
-108013591 2
-102669047 1
-102120688 1
-82254484 3
30662561 4
112049716 3
248443073 2
281464262 2
332723732 3
390204765 1
437367475 1
440359455 1
446026292 5
448220673 6
497703773 1
499549952 2
520409122 2
548955463 30
556257513 1
558074401 1
640124220 1
640477688 3
683459885 9
696559717 1
728165346 2
751175284 1
823134346 13
904789503 1
985233940 1
989116115 1
989509788 62
1062750627 2
1098545962 3
1156731182 4
1308688855 2
1678348498 4
1679626713 1
1717991430 3
1724271785 4
1853176582 1
1982804121 1
2045916435 5
2064885619 78
1147222266
-2058513491 1
-1225409782 1
-926244272 1
-427317956 1
-82254484 4
90097469 5
548955463 12
648501015 1
683459885 2
869690771 1
989116115 1
989509788 1
1031134330 1
1295925346 1
1306944989 1
1430125705 1
1955147705 1
2064885619 2
1221302529
-1225409782 1
-926244272 1
683459885 2
869690771 2
1295925346 2
1151215884
-1785447155 11
-1581447336 3
-1443829736 1
-1437097820 1
-1390314837 1
-1382082897 1
-1271291307 1
-1225409782 1
-1214902428 1
-1141673130 1
-968174432 1
-926244272 1
-917062287 1
-898174745 2
-897829118 1
-860823441 1
-792367469 1
-632657554 3
-609270800 2
-416720098 1
-366928855 3
-148299209 1
-134120697 2
-108710752 1
14784032 1
85891315 2
202708381 4
324964102 1
437367475 1
440359455 1
558074401 7
569047032 1
580887246 2
640124220 1
640477688 2
683459885 8
869690771 6
884471572 5
997052087 1
1031134330 5
1062750627 1
1096710751 1
1098545962 8
1286856114 3
1404934148 5
1430125705 7
1491351846 4
1559397529 1
1729261638 3
2064885619 1
2092961062 6
-542658796
-2058513491 1
-1692776247 2
-1418282702 1
-1254119637 1
-1225409782 1
-1190268320 11
-926244272 1
-792068562 1
-546776626 3
-321405819 1
-144051554 4
90097469 1
112049716 3
437367475 1
442064690 1
556257513 1
640124220 5
683459885 4
824622370 1
832098838 1
1295925346 2
1308688855 2
1455707387 2
1615682969 1
2064885619 1
-1679279339
-2120211764 1
-1921709490 1
-1561499504 1
-1190268320 2
-964658953 1
-926244272 2
-917062287 1
-810538205 2
-617246313 3
-243905464 3
14784032 1
90097469 5
116628897 1
418310737 4
499549952 3
548955463 3
683459885 7
722829366 1
771291085 2
823134346 3
869690771 3
884471572 1
1044312602 1
1098545962 1
1295925346 2
2064885619 3
2139336747 1
696617240
-2058513491 3
-1716959858 4
-1605015950 3
-1443829736 2
-1418282702 3
-1384061680 1
-1382082897 1
-1271291307 1
-1225409782 1
-1141673130 2
-1120066484 1
-1100855371 3
-959934156 1
-926244272 1
-917062287 1
-897829118 1
-845019103 6
-844849131 1
-818939763 1
-710912733 1
-632657554 5
-563226112 3
-418093614 1
-366928855 2
-349905373 1
-243669559 1
90097469 3
202708381 1
281464262 2
297260153 1
380541707 2
390204765 2
408571802 1
418310737 5
437367475 1
440359455 1
548955463 2
640124220 3
680037527 1
683459885 6
728165346 1
771713658 1
823134346 30
832098838 1
869690771 2
884471572 2
989116115 2
989509788 2
1031134330 1
1062750627 1
1098545962 4
1235209082 1
1306944989 1
1362116887 1
1404934148 1
1430125705 3
1491351846 1
1563317370 2
1685761084 1
1767380095 1
1830401145 1
1853176582 1
2064885619 9
2066971792 1
-978383077
-2120211764 1
-1921709490 1
-1561499504 1
-1225409782 1
-1190268320 2
-964658953 1
-926244272 1
-917062287 1
-810538205 2
-617246313 3
-243905464 3
14784032 1
90097469 5
418310737 4
499549952 3
548955463 3
683459885 8
722829366 1
771291085 2
823134346 3
869690771 3
884471572 1
1044312602 1
1098545962 1
2064885619 3
2139336747 1
728194338
-2058513491 1
-1937911219 1
-1746309544 1
-1494432548 1
-1418282702 1
-1399361890 1
-1390314837 2
-1303311199 1
-1225409782 1
-1182659950 1
-1167338989 1
-1120066484 2
-1100855371 1
-1052767088 1
-926244272 1
-917062287 1
-844849131 1
-837348331 1
-632657554 1
-617246313 2
-609270800 5
-563226112 1
-243669559 1
-148299209 1
-86849052 1
-82254484 4
-62221562 1
39064463 1
90097469 5
112049716 1
233592972 1
380541707 3
397493074 8
408571802 2
437367475 1
440359455 6
448220673 3
499549952 1
520409122 2
548955463 11
592326839 2
640124220 7
647877721 3
683459885 4
696559717 4
824622370 15
832098838 1
869690771 3
884471572 1
888000370 2
930883039 1
989116115 1
989509788 1
1031134330 6
1098545962 1
1120495519 2
1130454133 14
1141725143 1
1286856114 2
1295925346 1
1296924235 1
1306944989 2
1308688855 1
1322743076 2
1362116887 1
1430125705 5
1563317370 1
1590456296 1
1665612518 1
1678348498 8
1679626713 1
1717991430 1
1724271785 1
1733861963 2
1752981687 1
1811268606 2
1853176582 2
2064885619 6
2139336747 1
151210281
-2120211764 1
-2119396515 1
-2061075054 1
-1921709490 1
-1911867700 1
-1785447155 4
-1746309544 1
-1616289203 8
-1605015950 3
-1587604933 1
-1561499504 2
-1494432548 1
-1225409782 1
-1218230531 1
-1141673130 1
-1124641761 1
-1075114912 1
-970674652 3
-964658953 1
-926244272 1
-917062287 1
-845019103 3
-823588779 3
-761953944 1
-693160500 1
-632657554 1
-609270800 10
-608954612 1
-585774274 1
-557666404 10
-452963723 4
-416720098 1
-380207636 1
-366928855 2
-349905373 6
-121538519 1
-108710752 1
14784032 15
58671053 3
90097469 2
116628897 3
142798466 1
189262593 2
198527388 1
252855587 1
390204765 3
418310737 3
437367475 2
440359455 1
490703729 1
548955463 4
569047032 1
640124220 1
640477688 1
648501015 1
683459885 9
771291085 4
883390095 1
913951781 3
989116115 2
989509788 1
997012898 1
1014127006 1
1031134330 3
1062750627 2
1098545962 13
1306944989 3
1362116887 1
1430125705 4
1491351846 2
1678348498 3
1724271785 2
1830401145 1
1943344364 2
1982804121 1
1983770811 2
2045916435 3
2050864532 1
2064885619 2
2115907048 1
2132027491 1
2142141949 1
1330180395
-1911867700 1
-1908700427 1
-1785447155 1
-1752023156 1
-1716959858 1
-1581447336 2
-1561499504 1
-1526557164 1
-1488298423 1
-1454285352 1
-1443829736 1
-1437097820 1
-1418282702 5
-1390314837 1
-1352835661 1
-1225409782 1
-1218230531 3
-1141673130 6
-1024280039 1
-1010544659 1
-970674652 6
-968174432 1
-939837349 1
-926244272 1
-917062287 1
-845019103 1
-844849131 1
-823588779 2
-775532692 3
-632657554 7
-617246313 1
-609270800 4
-581432272 1
-366928855 1
-349905373 2
-148299209 2
-134120697 1
-126856309 1
-108710752 1
-74040069 3
85891315 2
90097469 7
161006309 1
189262593 1
192791105 1
202708381 3
264235129 4
332723732 4
390204765 1
418310737 2
437367475 6
440359455 7
442064690 1
448220673 3
548955463 2
580887246 2
613153351 3
640124220 3
640477688 2
648501015 2
683459885 18
771291085 2
869690771 5
884471572 6
913951781 1
930883039 1
939215365 1
948311561 1
1018887719 1
1031134330 4
1062750627 2
1098545962 18
1120495519 1
1286856114 1
1306944989 1
1366137814 1
1404934148 2
1430125705 4
1491351846 2
1559397529 1
1590456296 1
1678348498 5
1685761084 1
1724271785 3
1745114270 1
1810936627 1
1811268606 1
1830646559 1
1853176582 1
1883650607 1
1885148710 1
1943344364 2
2045916435 5
2064885619 10
2122679414 1
2136405083 1
2139336747 1
333522653
-2058513491 4
-1581447336 2
-1494432548 1
-1390314837 1
-1225409782 1
-1120066484 1
-926244272 1
-853919296 4
-844849131 1
-609270800 1
-144051554 3
6745248 1
90097469 2
390204765 1
580887246 1
640124220 3
683459885 4
989116115 2
989509788 1
1031134330 5
1120495519 1
1306944989 3
1308688855 1
1489350333 1
1590456296 1
1724271785 3
1729261638 2
2064885619 3
-1005660875
-1390314837 2
-1225409782 1
-926244272 1
-632657554 1
-350407992 1
-287978520 1
90097469 1
683459885 3
1098545962 1
1295925346 2
1306944989 1
1430125705 3
1767380095 1
1778032728 1
-749205707
-2058513491 2
-1908700427 1
-1716959858 1
-1616289203 1
-1605015950 1
-1587604933 1
-1455480578 1
-1443829736 1
-1418282702 2
-1399361890 1
-1225409782 1
-1167338989 1
-964658953 4
-926244272 1
-917314569 2
-898174745 1
-845019103 1
-754797265 1
-646494464 1
-632657554 1
-617246313 3
-608954612 2
-107966814 1
85891315 3
112049716 1
189262593 1
252385603 1
380541707 1
407983593 1
437367475 4
440359455 3
442064690 1
472809934 1
499549952 1
548955463 1
570652574 1
575623047 1
640124220 2
648501015 1
683459885 11
693328709 1
824622370 4
869690771 1
888000370 2
1062750627 1
1098545962 5
1337453135 1
1362116887 1
1853176582 2
1943344364 2
2006536704 1
2019031726 1
2064885619 1
2095749492 1
2142141949 1
-2074948282
-2058513491 2
-1900214453 1
-1785447155 1
-1763574823 1
-1561499504 2
-1553669594 1
-1443829736 2
-1418282702 1
-1352835661 1
-1329737781 1
-1225409782 1
-1218230531 3
-1116117978 1
-1077417228 1
-1024280039 1
-926244272 1
-920019564 1
-917062287 1
-898174745 1
-823588779 2
-818939763 1
-775532692 1
-769443847 1
-632657554 4
-608954612 1
-533738645 1
-498297388 1
-366928855 3
-349905373 1
-335348587 1
-309782534 1
-234762240 3
-170890452 1
-148299209 1
-121538519 1
-108013591 1
-41041048 1
76510512 1
139523654 1
146955813 1
189262593 1
437367475 1
499549952 1
548955463 8
570245443 1
640124220 3
683459885 13
822745112 1
869690771 3
884471572 1
888000370 1
943113075 1
962346254 1
997052087 1
997512866 1
997549709 2
1032401789 1
1200021954 1
1323257324 1
1491351846 1
1567747819 1
1598346136 2
1642861683 1
1738490510 1
1745114270 1
1809632959 1
1810936627 1
1943344364 3
2032101475 1
-518599858
-1443829736 1
-1418282702 1
-1384061680 1
-1225409782 1
-1020910449 1
-926244272 1
-896827128 1
-632657554 1
-563226112 1
-134120697 1
437367475 1
548955463 1
683459885 4
1098545962 5
1156731182 1
1567747819 1
2032101475 1
2064885619 3
-1551223984
-1390314837 1
-1225409782 1
-1100855371 1
-926244272 1
-917314569 1
-844849131 1
-617246313 2
-546776626 1
-493065660 3
-366928855 2
-350407992 3
-262689147 1
-144051554 1
-121538519 2
58671053 1
90097469 9
252385603 1
282314224 1
499549952 1
580887246 1
640124220 3
683459885 5
869690771 4
989509788 1
1195989500 1
1430125705 2
1724271785 3
1995772572 1
2045916435 1
2064885619 3
-786588841
-1678837236 1
-1526557164 1
-1225409782 1
-926244272 2
-818939763 1
28501148 1
189262593 1
437367475 3
499549952 2
640124220 1
683459885 12
869690771 6
1491351846 2
2095749492 3
-390617650
-1785447155 2
-1225409782 1
-1100855371 4
-926244272 1
-845019103 1
-617246313 3
-408354071 2
90097469 3
189262593 2
499549952 2
548955463 1
683459885 9
823134346 1
869690771 4
997052087 1
1044312602 1
1098545962 3
2064885619 1
2139336747 1
-805917861
-1889329599 2
-1785447155 1
-1418282702 1
-1225409782 1
-1020910449 1
-964658953 2
-926244272 2
-917314569 1
-818319522 1
-783977789 1
-144051554 1
14784032 2
58671053 1
442064690 1
497703773 1
548955463 1
569047032 1
573397885 1
640124220 2
683459885 6
997549709 1
1062750627 1
1098545962 3
1853176582 3
-1733983395
-2120211764 2
-2058513491 2
-1933179665 1
-1921709490 1
-1911867700 8
-1785447155 4
-1784332343 2
-1746309544 1
-1726761455 1
-1716959858 1
-1561499504 1
-1494432548 1
-1466158544 1
-1454755048 1
-1443829736 3
-1418282702 2
-1399361890 1
-1390314837 11
-1384061680 2
-1262366007 3
-1225409782 1
-1141673130 4
-1118825375 1
-926244272 1
-917314569 3
-917062287 1
-900543307 4
-868909552 1
-853919296 3
-845019103 54
-844849131 1
-825670088 1
-708164930 1
-632657554 2
-628479181 1
-609270800 6
-598242133 1
-546776626 1
-498297388 1
-416720098 1
-416294932 1
-394428255 4
-309782534 1
-243905464 1
-134120697 2
-108013591 1
-107966814 1
-103767893 1
-102120688 1
28501148 1
30662561 2
58671053 2
90097469 15
114827827 1
233592972 3
248443073 2
294778681 1
296467145 1
311699825 1
332723732 11
390204765 1
390564119 2
407983593 3
408571802 1
437367475 4
448220673 7
499549952 1
510267938 1
548955463 4
558074401 1
569047032 2
580887246 1
640124220 9
640477688 3
648501015 1
683459885 6
728165346 1
751175284 4
771713658 1
775368311 1
778874514 1
832098838 1
869690771 1
884471572 6
888000370 2
930883039 1
985233940 6
989116115 1
989509788 15
1026658409 1
1058501323 1
1062750627 3
1098545962 6
1156731182 2
1308688855 5
1322743076 2
1366137814 1
1369425312 1
1424671076 1
1491351846 2
1563317370 3
1590456296 1
1678348498 1
1717991430 5
1724271785 13
1734895237 1
1778032728 1
1830646559 1
1853176582 2
2045916435 9
2064885619 24
2092961062 1
2115907048 2
2139336747 5
1710054241
-1225409782 1
-1020910449 1
-926244272 2
-632657554 1
-563226112 1
-366928855 1
332723732 2
548955463 1
683459885 4
1098545962 1
1156731182 1
1960040400 1
2045916435 3
2064885619 2
350595426
-2120211764 4
-1921709490 15
-1885415251 2
-1850593538 1
-1789210643 5
-1605015950 7
-1399361890 1
-1390314837 1
-1225409782 1
-1141673130 5
-1052767088 3
-964658953 4
-926244272 1
-917314569 7
-917062287 1
-853919296 3
-845019103 3
-609270800 8
-563226112 1
-493065660 1
-366928855 1
-350407992 3
-349905373 3
-144051554 10
14784032 11
90097469 9
233592972 1
437367475 5
580887246 2
640124220 1
648501015 1
683459885 3
728165346 2
755273406 1
832098838 2
989116115 7
989509788 5
1062750627 1
1120495519 4
1306944989 2
1366137814 1
1430125705 8
1489350333 1
1491351846 1
1563317370 1
2045916435 1
2064885619 2
2115907048 2
-333763228
-1418282702 1
-1225409782 1
-926244272 1
-844849131 1
-546776626 1
-144051554 1
14784032 3
90097469 1
640124220 1
683459885 2
989116115 1
1098545962 2
1306944989 1
1366137814 1
1778032728 1
2064885619 3
223166825
-1225409782 1
-1190268320 10
-970674652 1
-926244272 1
-475875895 1
264235129 1
332723732 1
440359455 1
575623047 1
683459885 3
1098545962 1
1198703660 4
1430125705 1
2045916435 1
-134460566
-1225409782 1
-1052767088 1
-1020910449 1
-926244272 1
-609270800 3
90097469 3
390204765 1
548955463 1
683459885 3
766710245 1
1098545962 5
1120495519 1
1306944989 1
2125152115
-1225409782 1
-964658953 4
-926244272 1
-21025631 1
14784032 1
115441729 1
683459885 2
876558472 1
1098545962 3
1295925346 2
1306944989 1
1778032728 1
657509236
-2058513491 2
-1384061680 1
-1225409782 1
-1100855371 1
-1052767088 1
-926244272 1
-710912733 1
-608954612 1
-349905373 1
-335348587 1
-291293261 1
-243905464 4
-192389267 2
63537950 1
90097469 1
446026292 3
548955463 1
569047032 1
640124220 2
683459885 4
785162140 1
869690771 4
884471572 1
997012898 1
997052087 2
1079027559 1
1181836714 2
1295925346 2
1362116887 2
1491351846 1
1733861963 2
979468168
-1921709490 1
-1605015950 1
-1526557164 1
-1455480578 1
-1418282702 3
-1384061680 2
-1225409782 1
-1020910449 1
-1010104944 1
-926244272 2
-917062287 1
-845019103 1
-632657554 2
-609270800 1
-563226112 1
-134120697 4
332723732 1
437367475 3
440359455 1
448220673 1
548955463 2
640124220 1
683459885 9
869690771 2
1062750627 1
1098545962 6
1156731182 1
1724271785 1
1853176582 1
1943344364 2
2045916435 1
2064885619 6
-1245179499
-1561499504 2
-1480150064 1
-1225409782 1
-926244272 1
-917062287 1
-845019103 1
28501148 1
58671053 1
189262593 1
294778681 1
418310737 1
683459885 7
771291085 5
869690771 1
997012898 1
1295925346 2
1612531086 1
1943344364 1
-138521194
-1225409782 1
-1020910449 1
-926244272 1
-632657554 1
-563226112 1
548955463 1
683459885 4
1098545962 1
1156731182 1
1811268606 1
2064885619 2
20245403
-1561499504 1
-1399361890 1
-1225409782 1
-926244272 1
-394428255 1
90097469 1
332723732 1
418310737 3
437367475 1
440359455 1
548955463 2
640124220 1
648501015 1
649755902 3
683459885 5
869690771 1
884471572 1
1098545962 5
1306944989 1
1430125705 1
2051408803
-1455480578 1
-1402904868 1
-1225409782 1
-1124641761 1
-981249831 1
-968174432 1
-926244272 1
-917314569 2
-917062287 1
-276369190 1
-243905464 3
-148299209 1
116628897 3
657166331 1
683459885 7
1062750627 1
1295925346 2
1983770811 1
2064885619 1
1499608489
-1225409782 1
-1052767088 1
-1020910449 1
-926244272 1
548955463 1
683459885 5
766710245 1
1120495519 1
-702134358
-1225409782 1
-926244272 1
683459885 5
869690771 4
1098545962 4
1295925346 2
2064885619 1
-437572681
-2058513491 1
-1443829736 2
-1225409782 1
-1190268320 1
-1075114912 1
-1052767088 7
-964658953 2
-939837349 1
-926244272 4
-898174745 2
-844849131 1
-792367469 1
-687425153 9
-632657554 1
-611912694 1
-335348587 1
-243905464 3
28501148 1
30662561 4
69872214 4
85891315 1
112049716 6
166093682 1
294778681 1
448220673 6
499549952 9
520409122 1
640124220 5
683459885 15
693328709 1
869690771 1
1026658409 1
1120495519 2
1144259690 2
1308688855 3
1362116887 2
1366137814 2
1404934148 1
1491351846 2
1590456296 1
1704236722 1
1755673004 1
1810936627 4
1830646559 1
1943344364 3
2087367745 3
2095749492 2
-1418485318
-2120211764 2
-1455480578 1
-1225409782 1
-1020910449 1
-926244272 1
-632657554 1
-563226112 1
548955463 1
640124220 1
683459885 4
884471572 1
1098545962 1
1156731182 1
1308688855 1
1430125705 1
1563317370 1
1830646559 1
2064885619 3
-813921347
-2120211764 16
-1911867700 1
-1908700427 1
-1785447155 14
-1587604933 1
-1581447336 4
-1526557164 2
-1443829736 1
-1390314837 4
-1262366007 2
-1225409782 1
-1141673130 3
-1120066484 1
-970674652 2
-964658953 1
-945750211 1
-939837349 1
-926244272 1
-917314569 5
-860823441 2
-844849131 1
-818939763 1
-632657554 2
-609270800 5
-563226112 1
-546776626 1
-512223761 5
14784032 2
90097469 2
189262593 2
380541707 1
440359455 2
580887246 1
613153351 5
640124220 1
683459885 4
869690771 1
884471572 5
1031134330 8
1062750627 3
1079027559 1
1098545962 4
1286856114 3
1296924235 1
1306944989 4
1322743076 3
1430125705 16
1729261638 6
1778032728 5
1810936627 2
1830646559 1
1853176582 2
2019031726 1
2064885619 2
2092961062 9
2115907048 1
-1196830770
-1921709490 1
-1225409782 1
-1020910449 1
-926244272 1
-632657554 1
-563226112 1
332723732 1
548955463 1
683459885 4
761976698 1
1098545962 2
1156731182 1
1724271785 1
2064885619 2
-1762298929
-2091876921 1
-1594097914 1
-1454755048 1
-1382082897 1
-1225409782 1
-926244272 1
-917062287 1
-900543307 2
-845019103 1
-783977789 7
-349905373 2
-62221562 1
332723732 1
333009922 1
437367475 1
440359455 1
442064690 1
453950983 1
580887246 2
683459885 5
869690771 2
884471572 5
1098545962 6
1286856114 1
1430125705 5
1491351846 1
1678348498 7
1699170408 2
1788435533 4
1810936627 5
540873681
-1605015950 1
-1225409782 1
-1052767088 1
-1020910449 1
-926244272 1
-609270800 9
90097469 2
548955463 1
683459885 3
766710245 1
823134346 4
1098545962 3
1120495519 1
1219873300 1
1989892411 1
-2065451044
-1911867700 2
-1716959858 2
-1418282702 1
-1225409782 1
-1141673130 2
-1020910449 1
-926244272 1
-818939763 1
-818319522 1
-563226112 1
442064690 1
548955463 1
580887246 1
640124220 1
683459885 4
766710245 1
1120495519 1
1156731182 1
1195989500 1
1678348498 4
-698111521
-1911867700 1
-1587604933 2
-1549318217 1
-1443829736 1
-1225409782 1
-1141673130 1
-1100855371 2
-964658953 5
-940733519 1
-926244272 1
-853919296 1
-728404601 1
-416720098 3
-366928855 1
-170890452 1
-102120688 1
407983593 1
418310737 1
448220673 1
548955463 1
558617661 1
640124220 2
683459885 4
722829366 6
884471572 8
888000370 1
997549709 2
1062750627 1
1079027559 1
1295925346 2
1431234884 1
-918501915
-1455480578 1
-1271291307 1
-1225409782 1
-926244272 1
-917062287 3
-632657554 1
-608954612 1
-243905464 2
-62221562 1
202708381 1
437367475 1
448220673 1
640477688 1
683459885 7
869690771 3
1491351846 1
-1981046289
-1948254854 1
-1921709490 2
-1911867700 3
-1885415251 4
-1789210643 14
-1744198814 1
-1603765456 1
-1418282702 1
-1399361890 2
-1390314837 9
-1225409782 1
-1141673130 1
-1100855371 1
-1052767088 2
-970674652 4
-964658953 2
-926244272 2
-917314569 2
-900543307 1
-898174745 1
-853919296 10
-837348331 3
-775658562 1
-632657554 2
-609270800 3
-563226112 1
-493065660 1
-466714812 1
-416720098 3
-121538519 2
14784032 2
233592972 2
548955463 2
683459885 2
728165346 4
883390095 1
888000370 3
930883039 2
989116115 4
1031134330 8
1062750627 2
1120495519 2
1306944989 6
1430125705 4
1563317370 6
1724271785 1
2045916435 2
1817711606
-1225409782 1
-926244272 1
683459885 4
1295925346 2
494456312
-2058513491 2
-1736980362 1
-1418282702 1
-1303311199 1
-1225409782 1
-1024280039 1
-1020910449 1
-990939066 1
-926244272 1
-818319522 1
-617246313 3
-563226112 1
408571802 1
437367475 3
440359455 1
548955463 2
575623047 1
640124220 1
683459885 5
718402331 2
766710245 1
1120495519 2
1156731182 1
1491351846 1
1713488374 1
1830646559 2
1958764027
-1225409782 1
-926244272 1
-917062287 3
-243905464 5
596249434 2
683459885 2
1295925346 2
-1971173377
-2058513491 2
-1889329599 1
-1526557164 1
-1454755048 2
-1443829736 2
-1418282702 1
-1225409782 1
-1224992239 1
-1052767088 2
-1020910449 3
-968174432 2
-926244272 1
-917314569 2
-818939763 1
-632657554 1
-609270800 2
-366928855 1
-148299209 1
-144051554 2
-134120697 1
-86849052 1
28501148 1
90097469 12
189262593 2
390204765 1
408571802 1
418310737 1
437367475 3
440359455 1
442064690 2
580887246 3
640124220 1
640477688 1
683459885 9
939215365 1
1028900885 1
1058501323 1
1062750627 1
1098545962 18
1120495519 2
1306944989 2
1430125705 1
1491351846 1
1559397529 1
1704236722 1
1713488374 1
1786548735 2
1841587854 1
2045916435 1
2064885619 7
