-234762240
-2074948282 3
-1037490055 1
-480368592 1
1404934148
571049684 1
696617240 1
1330180395 2
166758424 1
1151215884 5
364226243 1
-958270309 1
-195079486 1
-1037490055 1
1124536921 2
-1688367926 2
-437572681 1
1264465432 1
1717991430
-1578715062 1
1940415662 1
-39588108 3
-1733983395 5
1348885180 1
-1688367926 1
728194338 1
-611385325
364226243 1
-844849131
696617240 1
1330180395 1
1858371777 1
-412097997 1
-813921347 1
-333763228 1
-1733983395 1
1124536921 1
1348885180 1
-1841723282 2
333522653 1
-1688367926 1
-1551223984 1
-437572681 1
-216575473 2
728194338 1
1264465432 3
-1443829736
-518599858 1
696617240 2
-1971173377 2
-698111521 1
1330180395 1
-749205707 1
1151215884 1
-1906266502 1
-2074948282 2
-813921347 1
-1733983395 3
1279155220 1
1348885180 1
-1841723282 1
-1688367926 5
-437572681 2
-845019103
-1762298929 1
571049684 3
426112221 7
696617240 6
-1245179499 1
-390617650 1
1330180395 1
-749205707 1
-412097997 5
151210281 3
350595426 3
-1578715062 13
1940415662 3
-39588108 6
-1906266502 3
-958270309 19
979468168 1
791100997 5
-1733983395 54
1279155220 3
-767522574 1
1348885180 1
-1688367926 11
-216575473 1
1264465432 2
520409122
-39588108 2
-958270309 6
61678232 1
1348885180 3
-437572681 1
-216575473 1
728194338 2
1264465432 4
1344682024
-1688367926 1
-121538519
-1981046289 2
151210281 1
-2074948282 1
-480368592 1
-1551223984 2
2139336747
571049684 1
-390617650 1
1330180395 1
-1085286389 1
-412097997 1
166758424 5
-978383077 1
-1733983395 5
1279155220 1
-1679279339 1
1348885180 4
-1688367926 5
625093227 1
728194338 1
-171669460
1940415662 1
1264465432 2
722829366
-698111521 6
-1085286389 1
-978383077 1
-1679279339 1
625093227 1
1264465432 1
592128056
-1639638820 1
115441729
1348885180 1
2125152115 1
-627849148
1940415662 1
1729261638
1151215884 3
364226243 1
-813921347 6
1124536921 1
-1841723282 1
333522653 2
-1889238963
1348885180 1
-823588779
1330180395 2
151210281 3
-2074948282 2
1778032728
327421047 1
-1005660875 1
-2089057037 3
1606369298 1
-813921347 5
-333763228 1
-1733983395 1
1124536921 1
2125152115 1
-216575473 1
-939837349
571049684 1
-2033392974 1
1330180395 1
-1906266502 2
-813921347 1
1124536921 1
-437572681 1
1264465432 2
-730744740
-1037490055 1
1914167390
1348885180 1
199587935
1264465432 1
1295925346
1781715121 2
657509236 2
1029340785 2
1221302529 2
-1245179499 2
-1005660875 2
-698111521 2
2051408803 2
-542658796 2
1958764027 2
-1085286389 2
166758424 2
-1555803964 2
-702134358 2
-1186474408 2
1606369298 2
-1353810938 2
2037666999 2
47091365 2
-1679279339 2
-480368592 2
1817711606 2
1147222266 1
2125152115 2
-216575473 2
625093227 2
728194338 1
2132027491
151210281 1
-1578715062 2
-1688367926 4
-125681564
426112221 1
696559717
-39588108 1
728194338 4
1699170408
-1762298929 2
1776355861 1
1264465432 1
1026658409
-1578715062 1
-1733983395 1
1348885180 1
-1841723282 1
-437572681 1
1264465432 1
726300781
-1688367926 1
-860823441
1151215884 1
-813921347 2
1124536921 2
-1736980362
1264465432 1
494456312 1
264235129
571049684 1
223166825 1
1330180395 4
-1037490055 1
1264465432 1
1752981687
728194338 1
1028900885
-1971173377 1
1622730881
-1841723282 5
1264465432 1
876558472
2125152115 1
823134346
1781715121 11
696617240 30
1029340785 1
-390617650 1
-1085286389 3
-412097997 19
166758424 4
540873681 4
-1578715062 4
-978383077 3
-39588108 13
791100997 11
2037666999 2
-1679279339 3
29853312 4
-1688367926 1
625093227 5
233592972
-1981046289 2
350595426 1
-1733983395 3
-1688367926 1
728194338 1
-818939763
1781715121 1
696617240 1
-1971173377 1
166758424 1
-2074948282 1
-813921347 1
-2065451044 1
1279155220 2
-1037490055 1
-767522574 1
-786588841 1
1264465432 1
-1561499504
-1245179499 2
20245403 1
-1308852541 1
-1243241262 1
1330180395 1
-1085286389 1
151210281 2
795098456 1
1940415662 1
-978383077 1
-2074948282 2
-1733983395 1
-1679279339 1
1350698132 1
-1688367926 1
822745112
-2074948282 1
1982804121
151210281 1
1940415662 2
-39588108 1
1776355861 1
989509788
571049684 2
426112221 6
696617240 2
-412097997 1
151210281 1
350595426 5
1940415662 3
-39588108 62
-1733983395 15
1348885180 5
-1841723282 5
333522653 1
-1688367926 13
-1551223984 1
1147222266 1
728194338 1
1264465432 12
441260191
-1308852541 1
-394428255
571049684 1
20245403 1
-39588108 2
-1733983395 4
-1297200990
-1308852541 1
-1437097820
1330180395 1
1151215884 1
1348885180 1
-1841723282 3
-103767893
-1733983395 1
1264465432 1
-1885415251
-1981046289 4
350595426 2
-1688367926 1
-464621393
-412097997 1
1348885180 1
-1688367926 1
-1262366007
-1578715062 1
1940415662 3
-958270309 2
-813921347 2
791100997 1
-1733983395 3
-216575473 1
1983770811
2051408803 1
151210281 2
-1037490055 1
248443073
571049684 1
426112221 6
-412097997 3
-39588108 2
-958270309 1
-1733983395 2
-1688367926 6
461488326
426112221 1
-1692776247
-542658796 2
-1639638820 1
-39588108 15
1264465432 5
647260362
-1282124735 1
-1889107764
1940415662 1
-1843728178
1348885180 1
750631119
-1282124735 1
245453009
1940415662 1
1678348498
-1762298929 7
571049684 8
1330180395 5
151210281 3
1826921984 2
795098456 2
-1578715062 1
1940415662 3
-39588108 4
-958270309 2
-2065451044 4
-1733983395 1
-1037490055 1
1124536921 1
1348885180 2
-1688367926 5
728194338 8
-1587210028
571049684 1
1348885180 1
-1688367926 2
-981249831
2051408803 1
166758424 1
1264465432 3
-276369190
2051408803 1
-898174745
-1981046289 1
-749205707 1
1151215884 2
1674610772 1
-2074948282 1
-1037490055 1
1348885180 1
-437572681 2
556257513
-542658796 1
-1639638820 1
-39588108 1
1264465432 7
85891315
-1308852541 3
1330180395 2
-749205707 3
1858371777 1
166758424 1
-1724052018 1
1151215884 2
1674610772 3
-120756513 2
-767522574 1
-437572681 1
-964658953
-1981046289 2
-698111521 5
-1085286389 1
-749205707 4
1858371777 2
151210281 1
350595426 4
-978383077 1
1606369298 1
-120756513 2
-813921347 1
1279155220 1
-1679279339 1
-767522574 1
-480368592 1
-1841723282 2
-805917861 2
-437572681 2
2125152115 4
1264465432 2
-1455480578
2051408803 1
-749205707 1
1858371777 1
979468168 1
-1418485318 1
-610021253 1
-216575473 2
1264465432 1
-918501915 1
1536651520
-1688367926 1
262144262
-1282124735 1
-896827128
-518599858 1
1389009165
-1282124735 1
1362116887
657509236 2
696617240 1
-1308852541 1
-749205707 1
-412097997 1
151210281 1
-1906266502 1
-1688367926 1
-437572681 2
728194338 1
1491351846
-1762298929 1
571049684 1
657509236 1
696617240 1
-1971173377 1
-1308852541 1
1330180395 2
151210281 2
22421177 1
350595426 1
1151215884 4
1940415662 1
-1906266502 1
-2074948282 1
-1733983395 2
-1037490055 3
1348885180 2
1776355861 1
-1688367926 1
-437572681 2
-786588841 2
1264465432 6
-918501915 1
494456312 1
1156731182
-518599858 1
-1231139109 1
-2033392974 1
327421047 1
-1243241262 1
1710054241 1
-2006457627 1
1858371777 1
795098456 1
-1724052018 1
-1578715062 3
1940415662 2
-39588108 4
1674610772 1
979468168 1
-2065451044 1
-1733983395 2
-195079486 1
497786919 1
-138521194 1
1124536921 1
-1418485318 1
-1196830770 1
-610021253 1
-1688367926 3
494456312 1
-1418282702
-518599858 1
571049684 4
696617240 3
-1981046289 1
-1971173377 1
-1308852541 1
-1243241262 1
-542658796 1
1330180395 5
-749205707 2
-412097997 1
1826921984 1
-1906266502 4
979468168 3
-2074948282 1
-333763228 1
-2065451044 1
-1733983395 2
-195079486 1
-767522574 3
1348885180 1
-805917861 1
-610021253 1
1350698132 1
-1688367926 4
-216575473 4
728194338 1
1264465432 10
494456312 1
-959934156
696617240 1
1989892411
540873681 1
29853312 1
252385603
-749205707 1
-1551223984 1
-216575473 1
1431234884
-698111521 1
-2089057037 1
1940415662 1
1348885180 1
-29173435
1858371777 1
-1037490055 1
1776355861 1
-1716959858
1781715121 1
696617240 4
1330180395 1
-749205707 1
-412097997 1
1826921984 1
-120756513 1
-2065451044 2
-1733983395 1
29853312 1
1348885180 1
-1688367926 1
-628479181
-1733983395 1
1101351995
-1688367926 2
1424671076
364226243 1
-1733983395 1
-761953944
151210281 1
1348885180 1
-1838268055
571049684 1
1940415662 1
-610021253 1
-321509011
-1282124735 1
-632657554
-518599858 1
571049684 1
696617240 5
-1981046289 2
-1971173377 1
-1308852541 1
-1005660875 1
1330180395 7
1710054241 1
-749205707 1
151210281 1
22421177 1
795098456 1
1151215884 3
1940415662 1
-1906266502 1
979468168 2
-2074948282 4
-813921347 2
-1733983395 2
-195079486 1
-138521194 1
-767522574 1
-480368592 1
1124536921 3
-1418485318 1
-1196830770 1
1348885180 4
-1841723282 1
-1688367926 11
-437572681 1
728194338 1
1264465432 10
-918501915 1
734978415
-412097997 1
-1688367926 2
311699825
-1733983395 1
2095749492
-749205707 1
1826921984 1
-1037490055 2
1348885180 1
-437572681 2
-786588841 3
1264465432 1
311781838
-1282124735 2
61678232 1
-920019564
-2074948282 1
-1037490055 1
-687425153
1940415662 3
-39588108 1
1348885180 1
-437572681 9
1301825943
-1282124735 1
318261647
1940415662 1
-617246313
426112221 1
-390617650 3
1330180395 1
-1639638820 3
-1085286389 3
-749205707 3
1858371777 1
1940415662 5
-978383077 3
-39588108 5
-1037490055 2
-1679279339 3
-767522574 1
1348885180 1
-1551223984 2
728194338 2
494456312 3
198527388
151210281 1
364226243 1
-1906266502 1
1014127006
151210281 1
1062750627
571049684 1
426112221 1
696617240 1
-1981046289 2
-1971173377 1
-698111521 1
2051408803 1
1330180395 2
-749205707 1
1858371777 1
151210281 2
1826921984 1
350595426 1
-1578715062 1
1151215884 1
-39588108 2
1674610772 1
979468168 1
-813921347 3
-1733983395 3
-1037490055 1
-767522574 1
1124536921 1
1348885180 4
-1841723282 3
-805917861 1
-610021253 1
-1688367926 6
-216575473 1
1264465432 2
-990939066
494456312 1
1755673004
1940415662 1
-437572681 1
1684747337
61678232 1
-853919296
-1981046289 10
-698111521 1
1858371777 1
350595426 3
-39588108 5
-1733983395 3
-767522574 1
1348885180 7
-1841723282 7
333522653 4
1732819394
364226243 1
472809934
-749205707 1
1308688855
-542658796 2
1858371777 1
-1578715062 1
1940415662 3
-39588108 2
-958270309 5
-1733983395 5
-480368592 1
-1418485318 1
333522653 1
-1688367926 2
-437572681 3
728194338 1
1264465432 3
1679626713
-39588108 1
-1841723282 1
-1688367926 1
728194338 1
1264465432 2
1697911265
571049684 2
-480368592 1
-86849052
-1971173377 1
-1688367926 1
728194338 1
766710245
1499608489 1
-1231139109 1
-134460566 1
327421047 1
-1243241262 1
-2006457627 1
540873681 1
-1724052018 1
1674610772 1
-2065451044 1
29853312 1
494456312 1
-2092953102
1264465432 6
1713488374
-1971173377 1
494456312 1
640477688
426112221 1
-1971173377 1
-1308852541 1
-1243241262 1
1330180395 2
-412097997 1
151210281 1
1826921984 1
22421177 1
1151215884 2
-39588108 3
-958270309 4
-1733983395 3
-1037490055 1
1348885180 6
-1688367926 4
-918501915 1
1109731834
-1308852541 1
1195989500
-1231139109 1
-1308852541 1
-958270309 1
-2065451044 1
-1688367926 1
-1551223984 1
1264465432 1
1786548735
-2033392974 1
-1971173377 2
-563226112
-518599858 1
696617240 3
-1981046289 1
-1231139109 1
-2033392974 1
327421047 1
-1243241262 1
1710054241 1
-2006457627 1
1858371777 1
-412097997 1
350595426 1
795098456 1
-1724052018 1
-1578715062 1
1674610772 1
979468168 1
-813921347 1
-2065451044 1
-195079486 1
497786919 1
-1037490055 1
-138521194 1
1124536921 1
-1418485318 1
-1196830770 1
-610021253 1
-1688367926 6
728194338 1
494456312 1
499549952
571049684 1
426112221 1
-390617650 2
-1639638820 1
-1085286389 3
-749205707 1
1826921984 4
1940415662 2
-978383077 3
-39588108 2
-2074948282 1
-1733983395 1
61678232 1
-1679279339 3
-1841723282 1
-1551223984 1
-437572681 9
-786588841 2
728194338 1
1264465432 1
939215365
-1971173377 1
1330180395 1
-1037490055 2
1348885180 1
-1678837236
1940415662 1
-120756513 1
-786588841 1
-1224992239
-1971173377 1
-1578715062 2
-1688367926 1
-939302382
1858371777 1
-1167338989
-749205707 1
1940415662 1
-120756513 2
-1037490055 8
1348885180 1
728194338 1
1264465432 1
985233940
426112221 4
-412097997 2
1940415662 1
-39588108 1
-1733983395 6
1348885180 1
-1688367926 5
832098838
571049684 3
696617240 1
-1308852541 1
-542658796 1
350595426 2
-1578715062 6
1674610772 1
-1733983395 1
1124536921 1
728194338 1
1264465432 1
-1024280039
1330180395 1
1940415662 1
-2074948282 1
-195079486 1
-610021253 1
494456312 1
1044312602
-390617650 1
-1085286389 1
-978383077 1
-1679279339 1
440359455
-1762298929 1
571049684 1
696617240 1
20245403 1
223166825 1
-1971173377 1
-1308852541 1
1330180395 7
-749205707 3
151210281 1
166758424 4
1151215884 1
1940415662 1
-39588108 1
364226243 3
-120756513 1
979468168 1
-813921347 2
-1037490055 1
-480368592 1
1348885180 3
-216575473 5
728194338 6
1264465432 1
494456312 1
558074401
1151215884 7
-39588108 1
-1906266502 1
-1733983395 1
1124536921 4
-1688367926 4
510267938
1940415662 1
-1733983395 1
-62221562
-1762298929 1
1826921984 1
728194338 1
-918501915 1
-1553669594
-2074948282 1
6745248
364226243 2
-1841723282 5
333522653 1
1264465432 6
1883650607
1330180395 1
-1906266502 1
-1466158544
-1733983395 1
114827827
-1733983395 1
446026292
657509236 3
1940415662 2
-39588108 5
-148299209
-1971173377 1
2051408803 1
1330180395 2
1151215884 1
-2074948282 1
-195079486 1
-1037490055 1
-216575473 2
728194338 1
1264465432 3
-1587604933
-698111521 2
-749205707 1
151210281 1
795098456 1
1674610772 1
-813921347 1
1348885180 1
1264465432 1
1684568639
571049684 1
-1841723282 1
192791105
1330180395 1
1348885180 3
-493065660
-1981046289 1
-1308852541 1
350595426 1
1348885180 2
-1688367926 1
-1551223984 3
613153351
571049684 1
1330180395 3
22421177 5
-120756513 1
-813921347 5
-1282124735 1
-1037490055 2
1348885180 4
1733861963
657509236 2
-1906266502 1
728194338 2
-1616289203
-749205707 1
151210281 8
1348885180 3
-1841723282 1
-1921709490
-1981046289 2
-2089057037 4
-1085286389 1
151210281 1
350595426 15
-978383077 1
-39588108 9
-958270309 3
979468168 1
-1733983395 1
1279155220 4
-1679279339 1
-480368592 1
-1196830770 1
625093227 1
1337453135
-749205707 1
1940415662 2
-926244272
-1762298929 1
-518599858 1
571049684 1
1499608489 1
1781715121 1
426112221 1
657509236 1
696617240 1
1029340785 1
1221302529 1
-1981046289 2
-1245179499 1
-1231139109 1
20245403 1
223166825 1
-2033392974 1
-1971173377 1
-390617650 1
-134460566 1
327421047 1
-1308852541 2
-1243241262 1
-1005660875 1
-698111521 1
2051408803 1
-2089057037 1
-542658796 1
1330180395 1
1710054241 2
1958764027 1
-2006457627 1
-1639638820 1
-1085286389 2
-749205707 1
1858371777 1
-412097997 1
151210281 1
166758424 2
540873681 1
1826921984 1
-1555803964 1
-702134358 1
22421177 1
350595426 1
795098456 1
-1724052018 1
-1578715062 1
-1186474408 1
1151215884 1
1940415662 1
-978383077 1
-39588108 4
364226243 1
1606369298 1
1674610772 1
-1906266502 1
-1353810938 1
-958270309 1
-120756513 1
979468168 2
-2074948282 1
-813921347 1
-333763228 1
791100997 1
2037666999 1
-2065451044 1
-1733983395 1
-195079486 1
497786919 1
1279155220 1
-1282124735 4
-1037490055 2
-138521194 1
47091365 1
61678232 2
-1679279339 2
-767522574 1
-480368592 1
1124536921 1
1817711606 1
-1418485318 1
-1196830770 1
29853312 1
1348885180 8
1776355861 1
-1841723282 2
-805917861 2
-610021253 1
333522653 1
1350698132 1
-1688367926 2
-1551223984 1
-437572681 4
1147222266 1
2125152115 1
-786588841 2
-216575473 1
625093227 1
728194338 1
1264465432 2
-918501915 1
494456312 1
418310737
571049684 3
696617240 5
-1245179499 1
20245403 3
-1971173377 1
-1308852541 2
-698111521 1
1330180395 2
-1085286389 4
151210281 3
166758424 2
-978383077 4
-1906266502 1
-1679279339 4
625093227 3
2032101475
-518599858 1
-2074948282 1
-1271291307
696617240 1
1151215884 1
1940415662 2
61678232 1
-1688367926 3
1264465432 1
-918501915 1
69872214
1940415662 1
1348885180 4
-437572681 4
1096710751
1151215884 1
-1190268320
223166825 10
-542658796 11
-1639638820 2
-1085286389 2
1940415662 4
-978383077 2
-39588108 7
364226243 2
-1679279339 2
1348885180 6
-437572681 1
625093227 2
1264465432 103
-1034036639
-216575473 1
-1372618142
-1282124735 1
1909934694
1348885180 1
1153155693
-1282124735 1
-452963723
151210281 4
1931862648
1940415662 1
1264465432 5
771713658
696617240 1
-412097997 1
1940415662 1
-1733983395 1
1200021954
-2074948282 1
1738490510
-2074948282 1
-1454755048
-1762298929 1
-1971173377 2
-1733983395 1
1264465432 1
-1182659950
-39588108 2
1348885180 1
1776355861 1
-1688367926 1
728194338 1
1264465432 1
1995772572
-1551223984 1
-144051554
-1971173377 2
-2089057037 2
-542658796 4
-1639638820 1
350595426 10
1940415662 1
-39588108 12
-333763228 1
1279155220 5
1348885180 6
-1841723282 14
-805917861 1
333522653 3
-1551223984 1
1264465432 17
718402331
494456312 2
-1390314837
426112221 2
-1981046289 9
-1308852541 3
-1005660875 2
-2089057037 2
1330180395 1
-412097997 3
350595426 1
-1578715062 4
1151215884 1
-958270309 2
-813921347 4
791100997 2
-1733983395 11
1279155220 1
1348885180 9
-1841723282 10
333522653 1
-1688367926 14
-1551223984 1
728194338 2
2019031726
-749205707 1
-813921347 1
-1688367926 1
437367475
-1762298929 1
-518599858 1
571049684 1
696617240 1
20245403 1
-1971173377 3
-542658796 1
1330180395 6
-2006457627 1
-749205707 4
1858371777 1
151210281 2
1826921984 2
350595426 5
-1724052018 2
1151215884 1
1940415662 9
-39588108 1
1674610772 2
-1906266502 6
-958270309 3
979468168 3
-2074948282 1
-1733983395 4
1279155220 9
-1037490055 7
61678232 1
1348885180 16
-610021253 3
-1688367926 3
-786588841 3
728194338 1
1264465432 25
-918501915 1
494456312 3
63537950
657509236 1
-243669559
571049684 1
696617240 1
795098456 1
-1724052018 1
-1037490055 1
-1688367926 2
-216575473 1
728194338 1
1264465432 1
-708164930
-1733983395 1
1130454133
728194338 14
-783977789
-1762298929 7
-39588108 1
1348885180 14
-805917861 1
-350407992
-1005660875 1
-1555803964 1
350595426 3
-1186474408 1
2037666999 1
-1551223984 3
296467145
426112221 1
1826921984 1
-1733983395 1
1058501323
-1971173377 1
-1733983395 1
-2120211764
-2033392974 1
-1308852541 3
-1085286389 1
151210281 1
166758424 1
22421177 1
350595426 4
1940415662 1
-978383077 1
-39588108 1
1674610772 1
-813921347 16
-1733983395 2
1279155220 1
-1037490055 1
-1679279339 1
-767522574 1
1124536921 1
-1418485318 2
625093227 1
1264465432 7
580887246
-1762298929 2
-1971173377 3
-2089057037 1
1330180395 2
350595426 2
1151215884 2
-1906266502 1
-813921347 1
-2065451044 1
-1733983395 1
-767522574 1
-1841723282 1
333522653 1
-1551223984 1
1264465432 3
-546776626
-1308852541 1
-542658796 3
-813921347 1
-333763228 1
-1733983395 1
1348885180 1
-1841723282 1
-1551223984 1
1264465432 5
297260153
696617240 1
1563317370
696617240 2
-1981046289 6
350595426 1
791100997 1
-1733983395 3
-1418485318 1
1348885180 1
-1841723282 1
728194338 1
1264465432 1
161006309
1330180395 1
-1841723282 1
1665612518
728194338 1
-408354071
-390617650 2
1264465432 1
-1935863057
1348885180 1
1264465432 11
-1077417228
-2074948282 1
-1908700427
-1243241262 1
1330180395 1
-749205707 1
-813921347 1
189262593
-1245179499 1
-1971173377 2
-390617650 2
-1308852541 1
1330180395 1
-749205707 1
151210281 2
1940415662 3
-2074948282 1
-813921347 2
-1037490055 2
-786588841 1
1853176582
571049684 2
426112221 1
696617240 1
-1243241262 2
1330180395 1
-749205707 2
1858371777 1
1826921984 1
-39588108 1
1674610772 1
979468168 1
-813921347 2
-1733983395 2
-767522574 1
1348885180 30
-805917861 3
-610021253 1
-1688367926 3
728194338 2
-134120697
-518599858 1
571049684 5
-1971173377 1
1330180395 1
1151215884 2
-39588108 1
1674610772 2
-1906266502 11
979468168 4
-1733983395 2
-767522574 2
-610021253 1
-1688367926 1
-170890452
-698111521 1
-2074948282 1
-1225409782
-1762298929 1
-518599858 1
571049684 1
1499608489 1
1781715121 1
426112221 1
657509236 1
696617240 1
1029340785 1
1221302529 1
-1981046289 1
-1245179499 1
-1231139109 1
20245403 1
223166825 1
-2033392974 1
-1971173377 1
-390617650 1
-134460566 1
327421047 1
-1308852541 1
-1243241262 1
-1005660875 1
-698111521 1
2051408803 1
-2089057037 1
-542658796 1
1330180395 1
1710054241 1
1958764027 1
-2006457627 1
-1639638820 1
-749205707 1
1858371777 1
-412097997 1
151210281 1
166758424 1
540873681 1
1826921984 1
-1555803964 1
-702134358 1
22421177 1
350595426 1
795098456 1
-1724052018 1
-1578715062 1
-1186474408 1
1151215884 1
1940415662 1
-978383077 1
-39588108 1
364226243 1
1606369298 1
1674610772 1
-1906266502 1
-1353810938 1
-958270309 1
-120756513 1
979468168 1
-2074948282 1
-813921347 1
-333763228 1
791100997 1
2037666999 1
-2065451044 1
-1733983395 1
-195079486 1
497786919 1
1279155220 1
-1282124735 1
-1037490055 1
-138521194 1
47091365 1
61678232 1
-767522574 1
-480368592 1
1124536921 1
1817711606 1
-1418485318 1
-1196830770 1
29853312 1
1348885180 1
1776355861 1
-1841723282 1
-805917861 1
-610021253 1
333522653 1
1350698132 1
-1688367926 1
-1551223984 1
-437572681 1
1147222266 1
2125152115 1
-786588841 1
-216575473 1
625093227 1
728194338 1
1264465432 1
-918501915 1
494456312 1
380541707
696617240 2
-749205707 1
-958270309 1
-813921347 1
-1037490055 1
1348885180 1
-1688367926 3
728194338 3
-811494644
-1841723282 1
-394861811
-1308852541 1
-1243241262 1
1826921984 1
-1526557164
-1971173377 1
1330180395 1
979468168 1
-813921347 2
-1037490055 1
-786588841 1
1264465432 1
-102120688
-698111521 1
-39588108 1
-1906266502 1
-1733983395 1
-480368592 1
-1688367926 2
3191576
1781715121 1
-953378023
-1688367926 1
194714415
-1688367926 2
-416720098
-1981046289 3
-698111521 3
151210281 1
1826921984 1
1151215884 1
-1733983395 1
-1037490055 4
1124536921 2
1348885180 1
1830646559
-2033392974 1
1330180395 1
-1639638820 2
1826921984 1
-1578715062 1
1940415662 1
364226243 1
-813921347 1
-1733983395 1
-767522574 1
1124536921 1
-1418485318 1
1348885180 1
-1841723282 3
-437572681 1
1264465432 2
494456312 2
641155872
1348885180 3
-810538205
-1085286389 2
-978383077 2
61678232 1
-1679279339 2
1098545962
-1762298929 6
-518599858 5
571049684 14
426112221 3
696617240 4
20245403 5
223166825 1
-2033392974 2
-1971173377 18
-390617650 3
-134460566 5
327421047 3
-1308852541 1
-1243241262 2
-1005660875 1
-2089057037 1
1330180395 18
1710054241 1
-1085286389 1
-749205707 5
-412097997 2
151210281 13
540873681 3
-702134358 4
22421177 2
795098456 7
-1724052018 1
-1186474408 2
1151215884 8
1940415662 5
-978383077 1
-39588108 3
364226243 2
1606369298 1
-1906266502 14
-1353810938 1
-120756513 1
979468168 6
-813921347 4
-333763228 2
791100997 2
-1733983395 6
-195079486 2
497786919 3
-1037490055 9
-138521194 1
47091365 1
-1679279339 1
-767522574 4
1124536921 2
-1418485318 1
-1196830770 2
29853312 3
1348885180 7
-805917861 3
-610021253 2
-1688367926 18
2125152115 3
728194338 1
1002394412
-1243241262 1
273066799
166758424 1
-1603765456
426112221 2
-1981046289 1
1348885180 5
-1688367926 1
1810936627
-1762298929 5
571049684 1
327421047 1
-2089057037 1
1330180395 1
-1578715062 1
364226243 3
-958270309 2
-2074948282 1
-813921347 2
-437572681 4
1264465432 2
-585774274
151210281 1
693328709
-749205707 1
-437572681 1
397493074
728194338 8
-1141673130
571049684 2
426112221 2
696617240 2
-1981046289 1
-698111521 1
-2089057037 2
1330180395 6
151210281 1
350595426 5
795098456 1
-1578715062 3
1151215884 1
364226243 1
-1906266502 3
-813921347 3
-2065451044 2
-1733983395 4
1279155220 3
1348885180 1
-1688367926 11
596249434
1958764027 2
-2119396515
151210281 1
2066971792
571049684 1
696617240 1
1124536921 1
-1688367926 1
-1744198814
-1981046289 1
-41041048
-2074948282 1
-533738645
-2074948282 1
-945750211
-813921347 1
-1688367926 1
490703729
151210281 1
1279155220 1
166093682
-1308852541 1
-1688367926 1
-437572681 1
943113075
-2074948282 1
2019785588
-1688367926 1
-413897922
1264465432 1
1235209082
696617240 1
1348885180 1
1264465432 1
1032401789
-2074948282 1
-1024273530
795098456 1
1264465432 1
573397885
-805917861 1
1264465432 1
1323257324
-2074948282 1
-126856309
1330180395 1
786643852
1264465432 1
39064463
-1688367926 1
728194338 1
1510964117
-1282124735 1
1598346136
-2074948282 2
61678232 1
-512223761
-813921347 5
-1325636708
571049684 1
324964102
-2089057037 1
1151215884 1
-2058513491
571049684 2
657509236 2
696617240 3
-1971173377 2
-1308852541 1
-542658796 1
-749205707 2
-1578715062 1
1940415662 5
-39588108 1
364226243 3
-2074948282 2
-1733983395 2
-1037490055 1
1348885180 16
-1841723282 2
-610021253 1
333522653 4
-1688367926 1
-437572681 1
1147222266 1
-216575473 3
728194338 1
1264465432 17
494456312 2
-940733519
-698111521 1
-1841723282 1
451368094
1348885180 1
-775658562
-1981046289 1
-108710752
1330180395 1
151210281 1
1151215884 1
-1037490055 1
2039241669
-1037490055 1
1348885180 6
-1303311199
-1841723282 2
728194338 1
1264465432 2
494456312 1
-67003442
571049684 1
-1480150064
426112221 1
-1245179499 1
-1037490055 1
1366137814
1330180395 1
350595426 1
-333763228 1
-1733983395 1
1124536921 1
-1688367926 1
-437572681 2
1264465432 4
1830401145
696617240 1
151210281 1
-120756513 1
61678232 1
-1763574823
-2074948282 1
-216575473 1
-1235137569
-1231139109 1
1279155220 1
728165346
426112221 1
696617240 1
-1981046289 4
350595426 2
-39588108 2
-958270309 3
-1733983395 1
-1688367926 1
-2129237020
364226243 1
-767522574 1
-1688367926 1
-1452252185
-1688367926 4
-287978520
-1005660875 1
-150172694
-120756513 1
387298284
571049684 1
-609270800
-1981046289 3
-1231139109 3
-1971173377 2
-134460566 3
327421047 1
-1308852541 10
-2089057037 6
1330180395 4
151210281 10
166758424 1
540873681 9
1826921984 1
350595426 8
-1724052018 1
-1578715062 4
1151215884 2
1940415662 6
-39588108 5
364226243 1
1674610772 2
-1906266502 1
-958270309 10
979468168 1
-813921347 5
791100997 3
-1733983395 6
1279155220 3
-1037490055 2
29853312 9
1348885180 3
-1841723282 9
-610021253 1
333522653 1
-1688367926 9
-216575473 3
728194338 5
1264465432 3
-917314569
-1981046289 2
-1971173377 2
2051408803 2
-2089057037 2
-749205707 2
1858371777 1
1826921984 2
350595426 7
1940415662 1
-39588108 2
-958270309 4
-813921347 5
-1733983395 3
1348885180 1
-1841723282 2
-805917861 1
-1688367926 5
-1551223984 1
1811268606
1330180395 1
795098456 1
1940415662 1
-958270309 1
-138521194 1
728194338 2
2006536704
-749205707 1
-1688367926 1
333009922
-1762298929 1
-1688367926 1
283118597
1264465432 1
-611912694
-437572681 1
-1182712815
571049684 1
-837348331
571049684 2
-1981046289 3
-1037490055 1
1348885180 2
728194338 1
-1124641761
2051408803 1
151210281 1
913951781
1330180395 1
1858371777 1
151210281 3
-1906266502 1
-195079486 1
-1116117978
-1243241262 1
-2074948282 1
1348885180 1
-366928855
696617240 2
-1971173377 1
-698111521 1
1330180395 1
1710054241 1
1858371777 1
151210281 2
166758424 1
350595426 1
1151215884 3
1940415662 1
364226243 1
-1906266502 2
-2074948282 3
1279155220 1
1124536921 1
-1841723282 1
-610021253 1
-1688367926 3
-1551223984 2
1198703660
223166825 4
497703773
-39588108 1
364226243 1
1348885180 2
-805917861 1
-581432272
1330180395 1
61678232 1
575491131
571049684 1
1685761084
696617240 1
1330180395 1
558617661
-698111521 1
1348885180 1
2087367745
1350698132 1
-437572681 3
-243905464
657509236 4
-2033392974 1
-1308852541 2
2051408803 3
1958764027 5
-1085286389 3
166758424 1
1826921984 1
-978383077 3
-120756513 1
-1733983395 1
-1679279339 3
1776355861 1
1350698132 3
-437572681 3
-216575473 1
1264465432 1
-918501915 2
252855587
151210281 1
592326839
728194338 2
-1120066484
571049684 1
696617240 1
-1308852541 1
-813921347 1
333522653 1
728194338 2
1264465432 2
1788435533
-1762298929 4
647877721
728194338 3
1264465432 2
2136405083
1330180395 1
-77337506
571049684 1
1348885180 1
-1075114912
151210281 1
-437572681 1
1264465432 1
-1118825375
-1733983395 1
1144259690
1940415662 1
-958270309 1
-437572681 2
1264465432 1
1642861683
-2074948282 1
-111131531
-767522574 1
2122679414
1330180395 1
1219873300
-1308852541 2
540873681 1
29853312 1
1031134330
571049684 4
696617240 1
-1981046289 8
327421047 3
-1308852541 1
-1243241262 2
1330180395 4
-2006457627 1
151210281 3
166758424 2
22421177 1
795098456 1
1151215884 5
-1906266502 7
-813921347 8
-767522574 2
1124536921 1
1348885180 4
333522653 5
-1688367926 13
1147222266 1
728194338 6
1264465432 6
1767380095
696617240 1
-1308852541 1
-1005660875 1
-321405819
-542658796 1
1940415662 1
-1906266502 2
-216575473 1
1430125705
-1762298929 5
571049684 5
696617240 3
-1981046289 4
20245403 1
223166825 1
-1971173377 1
-1005660875 3
-2089057037 1
1330180395 4
-412097997 1
151210281 4
22421177 3
350595426 8
795098456 1
1151215884 7
1940415662 1
364226243 2
-813921347 16
-1037490055 1
1124536921 5
-1418485318 1
1348885180 6
-1841723282 3
-1688367926 21
-1551223984 2
1147222266 1
728194338 5
1264465432 9
-1020910449
-518599858 1
1499608489 1
-1231139109 1
-2033392974 1
-1971173377 3
-134460566 1
327421047 1
-1243241262 1
1710054241 1
-2006457627 1
1858371777 1
540873681 1
795098456 1
-1724052018 1
1674610772 1
979468168 1
-2065451044 1
-195079486 1
497786919 1
-1037490055 1
-138521194 1
1124536921 1
-1418485318 1
-1196830770 1
29853312 1
-805917861 1
-610021253 1
-216575473 1
494456312 1
-1052767088
1499608489 1
657509236 1
-1981046289 2
-1971173377 2
-134460566 1
-1243241262 1
-2006457627 1
540873681 1
1826921984 1
350595426 3
-39588108 3
1279155220 2
29853312 1
1348885180 4
-1688367926 7
-437572681 7
728194338 1
1264465432 2
-335348587
657509236 1
1940415662 1
-2074948282 1
-437572681 1
1264465432 4
680037527
696617240 1
1559397529
-1971173377 1
1330180395 1
1151215884 1
-1841723282 1
28501148
-1245179499 1
-1971173377 1
1826921984 2
-1733983395 1
1279155220 2
1348885180 2
1776355861 1
-1841723282 1
-437572681 1
-786588841 1
1459505690
1264465432 2
1745114270
1330180395 1
-2074948282 1
-968174432
-1971173377 2
2051408803 1
1330180395 1
1151215884 1
-120756513 1
1348885180 1
-2115005279
1826921984 2
1940415662 6
1724271785
571049684 1
-1981046289 1
1330180395 3
151210281 2
-39588108 4
-958270309 2
979468168 1
-1733983395 13
-195079486 1
1279155220 3
-767522574 1
-1196830770 1
-1841723282 2
333522653 3
-1688367926 10
-1551223984 3
728194338 1
1264465432 2
-598242133
-1733983395 1
-900543307
-1762298929 2
571049684 1
-1981046289 1
-39588108 2
-1733983395 4
-1688367926 8
-15051562
61678232 1
-1494432548
151210281 1
-1733983395 1
1348885180 1
-1841723282 1
333522653 1
-1688367926 1
728194338 1
1943344364
-1245179499 1
-1308852541 1
1330180395 2
-2006457627 1
-749205707 2
151210281 2
979468168 2
-2074948282 3
-437572681 3
-1933179665
-1733983395 1
125777136
1940415662 2
-74040069
571049684 1
1330180395 3
-1037490055 2
1348885180 4
649755902
20245403 3
-102669047
-39588108 1
-1688367926 3
-1785447155
571049684 1
-2033392974 1
-390617650 2
1330180395 1
151210281 4
1151215884 11
-39588108 2
-1906266502 2
-2074948282 1
-813921347 14
-1733983395 4
1279155220 1
61678232 1
-767522574 1
1124536921 8
-805917861 1
-1688367926 4
962346254
-2074948282 1
-1384061680
-518599858 1
657509236 1
696617240 1
-1308852541 4
1674610772 1
-1906266502 1
-120756513 1
979468168 2
-1733983395 2
497786919 1
-1037490055 2
-610021253 2
2045916435
571049684 2
-1981046289 2
223166825 1
-1971173377 1
1330180395 5
1710054241 3
151210281 3
1826921984 1
350595426 1
1940415662 1
-39588108 5
364226243 1
979468168 1
-1733983395 9
1279155220 5
-1037490055 1
-1841723282 3
-1688367926 4
-1551223984 1
824622370
-542658796 1
-749205707 4
728194338 15
1264465432 3
-710912733
657509236 1
696617240 1
1322743076
-813921347 3
-1733983395 2
-1688367926 1
728194338 2
2092961062
1151215884 6
-813921347 9
-1733983395 1
1124536921 4
-1688367926 1
1850275112
1940415662 1
-1688367926 2
683459885
-1762298929 5
-518599858 4
571049684 9
1499608489 5
1781715121 3
426112221 2
657509236 4
696617240 6
1029340785 2
1221302529 2
-1981046289 2
-1245179499 7
-1231139109 4
20245403 5
223166825 3
-2033392974 4
-1971173377 9
-390617650 9
-134460566 3
327421047 4
-1308852541 14
-1243241262 5
-1005660875 3
-698111521 4
2051408803 7
-2089057037 2
-542658796 4
1330180395 18
1710054241 4
1958764027 2
-2006457627 4
-1639638820 4
-1085286389 7
-749205707 11
1858371777 8
-412097997 4
151210281 9
166758424 10
540873681 3
1826921984 11
-1555803964 3
-702134358 5
22421177 4
350595426 3
795098456 4
-1724052018 5
-1578715062 2
-1186474408 3
1151215884 8
1940415662 16
-978383077 8
-39588108 9
364226243 4
1606369298 4
1674610772 5
-1906266502 10
-1353810938 5
-958270309 2
-120756513 7
979468168 9
-2074948282 13
-813921347 4
-333763228 2
791100997 3
2037666999 3
-2065451044 4
-1733983395 6
-195079486 4
497786919 4
1279155220 3
-1282124735 6
-1037490055 12
-138521194 4
47091365 2
61678232 11
-1679279339 7
-767522574 11
-480368592 5
1124536921 4
1817711606 4
-1418485318 4
-1196830770 4
29853312 3
1348885180 25
1776355861 4
-1841723282 5
-805917861 6
-610021253 4
333522653 4
1350698132 2
-1688367926 4
-1551223984 5
-437572681 15
1147222266 2
2125152115 2
-786588841 12
-216575473 4
625093227 6
728194338 4
1264465432 4
-918501915 7
494456312 5
-754797265
-749205707 1
76510512
-2074948282 1
-1980248780
166758424 1
-21025631
2125152115 1
640124220
571049684 2
1781715121 1
426112221 3
657509236 2
696617240 3
-1231139109 1
20245403 1
-1971173377 1
327421047 1
-1308852541 5
-1243241262 2
-698111521 2
-542658796 5
1330180395 3
-2006457627 1
-749205707 2
1858371777 1
-412097997 1
151210281 1
166758424 1
1826921984 2
350595426 1
-1724052018 1
-1578715062 2
1151215884 1
1940415662 6
-39588108 1
364226243 1
1674610772 1
-1906266502 1
-120756513 1
979468168 1
-2074948282 3
-813921347 1
-333763228 1
-2065451044 1
-1733983395 9
1279155220 3
-1282124735 1
-1037490055 4
-480368592 2
1124536921 2
-1418485318 1
1348885180 11
-1841723282 7
-805917861 2
333522653 3
-1688367926 7
-1551223984 3
-437572681 5
-786588841 1
-216575473 1
728194338 7
1264465432 29
494456312 1
-242553538
-1037490055 1
548955463
-518599858 1
571049684 4
1499608489 1
426112221 1
657509236 1
696617240 2
-1981046289 2
-1231139109 2
20245403 2
-2033392974 1
-390617650 1
-134460566 1
327421047 1
-1308852541 5
-1243241262 1
-698111521 1
1330180395 2
1710054241 1
-2006457627 1
-1085286389 3
-749205707 1
1858371777 1
151210281 4
166758424 4
540873681 1
1826921984 1
795098456 1
-1724052018 2
-1578715062 5
1940415662 1
-978383077 3
-39588108 30
1674610772 4
-958270309 17
979468168 2
-2074948282 8
791100997 4
2037666999 9
-2065451044 1
-1733983395 4
-195079486 1
497786919 1
-1037490055 1
-138521194 1
61678232 3
-1679279339 3
-480368592 2
1124536921 1
-1418485318 1
-1196830770 1
29853312 1
1348885180 2
-805917861 1
-610021253 2
-1688367926 3
1147222266 12
-216575473 2
625093227 5
728194338 11
1264465432 7
494456312 2
1222283305
1264465432 1
390204765
571049684 2
1781715121 2
696617240 2
-1971173377 1
-134460566 1
-2089057037 2
1330180395 1
-2006457627 1
-412097997 3
151210281 3
-1186474408 1
-39588108 1
-1733983395 1
-480368592 1
1348885180 6
-1841723282 1
333522653 1
-1688367926 3
1264465432 2
-533592729
1264465432 1
-82254484
795098456 6
1940415662 2
-39588108 3
-1688367926 6
1147222266 4
728194338 4
1264465432 43
-917062287
-1762298929 1
696617240 1
-1245179499 1
-1308852541 1
2051408803 1
1330180395 1
1958764027 3
-1085286389 1
151210281 1
1826921984 1
350595426 1
1151215884 1
-978383077 1
-39588108 3
979468168 1
-2074948282 1
-1733983395 1
-1037490055 2
-1679279339 1
1124536921 1
1348885180 2
1776355861 3
1350698132 2
-1688367926 2
728194338 1
1264465432 2
-918501915 3
-1948254854
-1981046289 1
-849652357
1940415662 1
1264465432 1
-728404601
-698111521 1
1612531086
-1245179499 1
1348885180 1
-1010104944
-1578715062 1
1940415662 1
-120756513 1
979468168 1
1279155220 2
-1282124735 1
61678232 1
-1688367926 1
1264465432 2
-2061075054
151210281 1
869690771
-1762298929 2
571049684 4
657509236 4
696617240 2
1029340785 2
1221302529 2
-1245179499 1
20245403 1
-390617650 4
-1308852541 3
1330180395 5
-1085286389 3
-749205707 1
166758424 6
1826921984 3
-1555803964 1
-702134358 4
795098456 1
-1186474408 1
1151215884 6
-978383077 3
-1906266502 9
-1353810938 1
-958270309 1
979468168 2
-2074948282 3
-813921347 1
2037666999 1
-1733983395 1
-1037490055 4
47091365 2
61678232 5
-1679279339 3
-767522574 9
-480368592 1
1124536921 1
1348885180 2
1776355861 1
-610021253 1
-1688367926 7
-1551223984 4
-437572681 1
1147222266 1
-786588841 6
625093227 1
728194338 3
-918501915 3
2050864532
151210281 1
1348885180 1
1615682969
-542658796 1
202708381
696617240 1
1330180395 3
-412097997 1
1151215884 4
-216575473 1
-918501915 1
1369425312
-1733983395 1
116628897
2051408803 3
-1085286389 1
151210281 3
-1679279339 1
997012898
657509236 1
-1245179499 1
1858371777 1
151210281 1
1674610772 1
-1841723282 1
-557666404
151210281 10
1181836714
657509236 2
1264465432 1
1286856114
-1762298929 1
1330180395 1
1151215884 3
364226243 2
-813921347 3
1124536921 1
-1688367926 1
728194338 2
-1352835661
1330180395 1
-2074948282 1
1264465432 1
997512866
-2074948282 1
154951096
1264465432 4
281464262
426112221 1
696617240 2
-412097997 3
1940415662 1
-39588108 2
791100997 2
-2091876921
-1762298929 1
1348885180 1
-475875895
223166825 1
-693160500
151210281 1
-1937911219
728194338 1
-418093614
696617240 1
-1688367926 1
-498297388
1940415662 1
-2074948282 1
-1733983395 1
-1454285352
1330180395 1
1306944989
696617240 1
-1981046289 6
20245403 1
-1971173377 2
-134460566 1
-1005660875 1
-2089057037 6
1330180395 1
1858371777 1
-412097997 1
151210281 3
350595426 2
795098456 1
-1186474408 1
1606369298 1
-813921347 4
-333763228 1
1348885180 5
-1841723282 1
333522653 3
-1688367926 8
1147222266 1
2125152115 1
728194338 2
1264465432 3
930883039
-1981046289 2
-1308852541 1
1330180395 1
1826921984 1
-1733983395 1
1348885180 1
-1688367926 1
728194338 1
1264465432 1
1455707387
-542658796 2
2115907048
151210281 1
350595426 2
-813921347 1
-1733983395 2
407983593
-698111521 1
-749205707 1
-412097997 1
-1724052018 1
-1733983395 3
1348885180 2
1264465432 4
-380207636
151210281 1
1938202095
1826921984 1
282314224
-1551223984 1
2142141949
-749205707 1
151210281 1
904789503
1940415662 1
-39588108 1
1264465432 4
448220673
571049684 1
-1308852541 1
-698111521 1
1330180395 3
1858371777 6
22421177 1
1940415662 3
-39588108 6
1674610772 1
-958270309 3
979468168 1
-1733983395 7
1348885180 4
-1841723282 1
-610021253 1
-1688367926 3
-437572681 6
728194338 3
1264465432 7
-918501915 1
1613012486
-1841723282 1
453950983
-1762298929 1
948311561
1330180395 1
-983638518
-412097997 3
-39588108 1
-1688367926 5
-868909552
-39588108 1
-1733983395 1
1348885180 6
-1688367926 2
-1726761455
-1733983395 1
332723732
-1762298929 1
571049684 6
20245403 1
223166825 1
1330180395 4
1710054241 2
1940415662 1
-39588108 3
-1906266502 1
979468168 1
-1733983395 11
1279155220 5
-1037490055 1
-1196830770 1
1348885180 3
-1688367926 8
-666550763
-767522574 1
-1285229033
1264465432 1
-2001158628
-1037490055 1
-1688367926 2
14784032
-1981046289 2
-2089057037 1
-1085286389 1
1858371777 1
151210281 15
350595426 11
1151215884 1
-978383077 1
1606369298 1
-813921347 2
-333763228 3
1279155220 4
-1679279339 1
1348885180 3
-805917861 2
2125152115 1
-349905373
-1762298929 2
657509236 1
696617240 1
-2089057037 1
1330180395 2
151210281 6
350595426 3
-2074948282 1
1279155220 1
1348885180 17
-970674652
571049684 1
-1981046289 4
223166825 1
1330180395 6
151210281 3
-813921347 2
-1037490055 1
1348885180 1
146955813
-2074948282 1
1264465432 2
1885148710
1330180395 1
-1578715062 1
1018887719
426112221 1
-1231139109 2
-1308852541 1
1330180395 1
1264465432 1
553238108
327421047 1
-792068562
-542658796 1
112049716
571049684 1
-542658796 3
-749205707 1
1940415662 4
-39588108 3
1348885180 1
-437572681 6
728194338 1
1264465432 18
-825670088
-412097997 2
-1733983395 1
-1889329599
-1971173377 1
1348885180 2
-805917861 2
1264465432 1
1650054722
1940415662 1
139523654
-2074948282 1
-1488298423
1330180395 1
1296924235
-1906266502 1
-813921347 1
728194338 1
1734538830
1279155220 1
-1746309544
571049684 1
-2089057037 1
151210281 1
1940415662 1
-1733983395 1
728194338 1
1437973278
61678232 1
-2032783780
166758424 1
-1006869914
1264465432 2
990535276
1940415662 1
364226243 3
-1841723282 3
1551089265
1826921984 1
-1037490055 1
-1688367926 1
-1605015950
1781715121 1
696617240 3
-749205707 1
151210281 3
540873681 1
350595426 7
-39588108 1
979468168 1
791100997 2
1279155220 4
751175284
-39588108 1
-1733983395 4
775368311
-1733983395 1
1264465432 1
-1798734214
-1841723282 1
1264465432 2
436751995
364226243 1
1279155220 1
-1841723282 1
1264465432 9
142798466
151210281 1
-502006140
1826921984 1
-262689147
-1578715062 1
-1688367926 3
-1551223984 1
1056110445
1124536921 1
390564119
-1733983395 2
997549709
-698111521 2
-2074948282 2
-1282124735 1
1348885180 1
-805917861 1
1841587854
-1971173377 1
1826921984 1
-1906266502 1
-120756513 1
1348885180 1
-1841723282 1
1264465432 2
883390095
-1981046289 1
151210281 1
778874514
-1733983395 1
-792367469
1151215884 1
-437572681 1
-1399361890
571049684 1
-1981046289 2
20245403 1
-749205707 1
350595426 1
-1733983395 1
-767522574 1
-480368592 1
1348885180 1
-1688367926 1
728194338 1
1264465432 6
-107966814
426112221 1
-749205707 1
1674610772 1
-1733983395 1
1124536921 1
-1688367926 2
-1382082897
-1762298929 1
696617240 1
1151215884 1
-1037490055 1
1704236722
-1971173377 1
1940415662 1
-437572681 1
997052087
657509236 2
-390617650 1
1151215884 1
-2074948282 1
1264465432 1
-883548484
1858371777 1
1489350333
350595426 1
-1841723282 3
333522653 1
1264465432 5
755273406
350595426 1
1809632959
-2074948282 1
-950796608
-1578715062 2
-39588108 1
-1688367926 1
569308866
1940415662 1
2044745418
22421177 3
-1328124297
-1037490055 1
-1911867700
-1981046289 3
-698111521 1
1330180395 1
151210281 1
795098456 1
-39588108 3
-813921347 1
-2065451044 2
-1733983395 8
1124536921 2
1348885180 2
-1688367926 2
58671053
-1245179499 1
-1231139109 1
151210281 3
166758424 1
-1724052018 1
1940415662 1
1674610772 1
-1906266502 1
-1733983395 2
-1037490055 1
-805917861 1
-1551223984 1
989116115
571049684 1
696617240 2
-1981046289 4
-2089057037 1
-412097997 4
151210281 2
350595426 7
1940415662 1
-39588108 1
-333763228 1
-1733983395 1
1279155220 1
1348885180 3
-1841723282 2
333522653 2
-1688367926 8
1147222266 1
728194338 1
1264465432 4
893533134
-120756513 1
-1402904868
2051408803 1
1826921984 1
-260257158
61678232 1
1348885180 2
1567747819
-518599858 1
-2074948282 1
-1218230531
1330180395 3
151210281 1
1826921984 1
-2074948282 3
-1688367926 1
-1850593538
350595426 1
-646494464
-749205707 1
1904070401
571049684 1
-897829118
696617240 1
1151215884 1
-1594097914
-1762298929 1
-608954612
657509236 1
-749205707 2
151210281 1
1940415662 1
-39588108 1
-2074948282 1
-1037490055 1
1264465432 3
-918501915 1
884471572
-1762298929 5
571049684 54
426112221 1
657509236 1
696617240 2
20245403 1
-698111521 8
1330180395 6
-1085286389 1
1826921984 1
22421177 2
1151215884 5
-978383077 1
-958270309 1
-2074948282 1
-813921347 5
-1733983395 6
-1037490055 2
61678232 1
-1679279339 1
-767522574 2
1124536921 4
-1418485318 1
1348885180 1
-1688367926 3
625093227 1
728194338 1
1264465432 1
648501015
20245403 1
1330180395 2
-749205707 1
151210281 1
1826921984 1
350595426 1
-1733983395 1
1279155220 1
-1037490055 3
1147222266 1
-272066790
571049684 1
1734895237
-1733983395 1
1591250730
-1282124735 1
-1254119637
-542658796 1
442064690
-1762298929 1
-1971173377 2
-542658796 1
1330180395 1
-749205707 1
1940415662 2
-120756513 2
-2065451044 1
1348885180 9
-805917861 1
-1688367926 1
1264465432 3
294778681
571049684 1
-1245179499 1
166758424 1
-1733983395 1
-1282124735 1
-437572681 1
1264465432 1
90097469
571049684 2
1781715121 2
426112221 4
657509236 1
696617240 3
20245403 1
-1971173377 12
-390617650 3
-134460566 3
-1005660875 1
-2089057037 5
-542658796 1
1330180395 7
-1085286389 5
-412097997 4
151210281 2
166758424 8
540873681 2
-1555803964 2
350595426 9
795098456 1
-1578715062 6
-1186474408 5
1940415662 8
-978383077 5
364226243 1
-958270309 2
-813921347 2
-333763228 1
791100997 5
2037666999 2
-1733983395 15
1279155220 2
-1679279339 5
29853312 2
1348885180 13
-1841723282 4
333522653 2
-1688367926 12
-1551223984 9
1147222266 5
-216575473 1
625093227 5
728194338 5
1264465432 4
-784623807
-1282124735 1
-466714812
-1981046289 1
-2006457627 1
-1900214453
1940415662 1
-2074948282 1
1348885180 1
1264465432 1
-1646401716
1348885180 1
-1841723282 2
-1581447336
1330180395 2
1151215884 3
364226243 6
-813921347 4
1124536921 1
-1841723282 4
333522653 2
-818319522
-2065451044 1
-805917861 1
494456312 1
1150284091
-1037490055 1
-1214902428
1151215884 1
1079027559
657509236 1
-698111521 1
-813921347 1
-427317956
1147222266 1
-775532692
1330180395 3
-1906266502 1
-2074948282 1
-192389267
657509236 2
888000370
-1981046289 3
-698111521 1
-749205707 2
-1578715062 1
-958270309 1
-2074948282 1
791100997 1
-1733983395 2
1348885180 1
728194338 2
1264465432 6
2064885619
-518599858 3
571049684 13
696617240 9
-2033392974 2
-1971173377 7
-390617650 1
-1308852541 2
2051408803 1
-542658796 1
1330180395 10
1710054241 2
-1085286389 3
-749205707 1
151210281 2
166758424 4
-1555803964 2
-702134358 1
350595426 2
795098456 3
-1578715062 1
-1186474408 8
1151215884 1
1940415662 3
-978383077 3
-39588108 78
1674610772 2
-1906266502 6
-1353810938 3
-958270309 4
-120756513 5
979468168 6
-813921347 2
-333763228 3
791100997 1
2037666999 3
-1733983395 24
-195079486 3
497786919 3
-1037490055 4
-138521194 2
-1679279339 3
-767522574 3
1124536921 3
-1418485318 3
-1196830770 2
1348885180 1
-610021253 3
333522653 3
-1688367926 20
-1551223984 3
1147222266 2
-216575473 4
625093227 4
728194338 6
1264465432 7
761976698
-1639638820 1
1940415662 25
-1196830770 1
-1133660292
1348885180 1
-1481341055
1940415662 1
-958270309 2
-1524095099
-412097997 1
1940415662 1
575623047
223166825 1
-749205707 1
1264465432 4
494456312 1
-1752023156
1330180395 1
-1789210643
-1981046289 14
350595426 5
570245443
-2074948282 1
408571802
696617240 1
-1971173377 1
795098456 1
-1733983395 1
1348885180 2
1776355861 1
-1688367926 1
728194338 2
1264465432 2
494456312 1
785162140
657509236 1
570652574
-749205707 1
1124536921 1
1348885180 1
1120495519
1499608489 1
-1981046289 2
-1231139109 1
-1971173377 2
-134460566 1
327421047 1
-1308852541 1
-1243241262 1
1330180395 1
540873681 1
350595426 4
-1724052018 2
1940415662 1
1674610772 3
-1906266502 4
-2065451044 1
-1037490055 1
29853312 1
1348885180 1
-610021253 1
333522653 1
-1688367926 4
-437572681 2
728194338 2
1264465432 14
494456312 2
30662561
-2006457627 1
1858371777 2
-1578715062 3
1940415662 3
-39588108 4
-958270309 1
-1733983395 2
-437572681 4
-291293261
657509236 1
-1688367926 1
-1100855371
571049684 1
657509236 1
696617240 3
-1981046289 1
-390617650 4
-698111521 2
1940415662 2
1348885180 1
-1551223984 1
728194338 1
1264465432 1
-1549318217
-698111521 1
1515003832
-1282124735 1
1955147705
1147222266 1
401840070
-412097997 1
-1784332343
-1733983395 2
-1329737781
-2074948282 1
-1037490055 1
1348885180 1
771291085
-1245179499 5
1330180395 2
-1085286389 2
151210281 4
-978383077 2
-1906266502 3
-1679279339 2
1960040400
1710054241 1
401258451
1264465432 1
1141725143
728194338 1
2046009338
-1688367926 1
1590456296
1330180395 1
1858371777 1
1940415662 1
364226243 1
-1733983395 1
-1841723282 1
333522653 1
-1688367926 2
-437572681 1
728194338 1
1264465432 3
-108013591
-1578715062 2
-39588108 2
-958270309 3
-2074948282 1
-1733983395 1
-1841723282 1
-91494422
364226243 1
-416294932
571049684 1
-1733983395 1
-1010544659
1330180395 1
1348885180 1
569047032
657509236 1
-1308852541 1
151210281 1
1151215884 1
-1733983395 2
-767522574 1
-480368592 1
-805917861 1
-769443847
-2074948282 1
-309782534
-958270309 2
-2074948282 1
-1733983395 1
1348885180 2
657166331
2051408803 1
